0.492215
0.521997
0.552382
0.499758
0.493094
0.489885
0.51231
0.625588
0.615519
0.490421
0.622649
0.618395
0.45843
0.460228
0.488413
0.547441
0.457008
0.519025
0.489088
0.625588
0.51231
0.607067
0.494808
0.460228
0.460787
0.519793
0.460228
0.625588
0.51231
0.625588
0.500742
0.625588
0.542589
0.739041
0.480326
0.739041
0.500742
0.625588
0.460228
0.463514
0.48625
0.480326
0.625588
0.487413
0.500742
0.519025
0.495328
0.460228
0.5773
0.46532
0.494808
0.484416
0.525727
0.480326
0.547441
0.51231
0.460366
0.739041
0.542589
0.625588
0.500742
0.460228
0.488413
0.622649
0.498489
0.625588
0.741267
0.680494
0.625588
0.7311
0.506676
0.622649
0.608749
0.455706
0.469542
0.619356
0.547441
0.460228
0.572932
0.480326
0.635646
0.49924
0.500286
0.523898
0.547441
0.48457
0.460228
0.625588
0.748022
0.739438
0.499773
0.525727
0.506807
0.525072
0.739041
0.52392
0.733143
0.488413
0.572932
0.635646
0.574431
0.739041
0.625588
0.608314
0.625588
0.574431
0.485753
0.625588
0.574431
0.460228
0.622649
0.460228
0.508556
0.631421
0.51231
0.625588
0.625588
0.574431
0.500742
0.460228
0.460228
0.601254
0.456812
0.488413
0.622649
0.495112
0.492849
0.460789
0.488553
0.618732
0.547441
0.680494
0.499745
0.625588
0.625588
0.460915
0.625588
0.547441
0.574431
0.625588
0.460228
0.574431
0.500742
0.495021
0.51436
0.547441
0.558667
0.556194
0.547441
0.495328
0.485753
0.547441
0.460228
0.50634
0.504569
0.500742
0.500286
0.500742
0.460228
0.562217
0.625588
0.572932
0.460228
0.460228
0.473399
0.519025
0.499388
0.460228
0.50634
0.625588
0.625588
0.51231
0.460228
0.733143
0.460228
0.488413
0.547441
0.488413
0.619356
0.460228
0.625588
0.625588
0.473399
0.498489
0.460228
0.456176
0.488413
0.519025
0.451073
0.625588
0.500742
0.519025
0.622649
0.525727
0.680494
0.460228
0.519025
0.619356
0.652888
0.619356
