282.279
345.372
210.359
196.645
290.306
120.477
284.208
141.454
287.682
346.962
134.543
136.086
385.502
364.05
354.551
108.604
344.862
198.423
296.239
141.454
284.208
153.59
340.641
364.05
354.603
176.978
364.05
141.454
284.208
141.454
232.515
141.454
104.376
317.089
371.61
317.089
232.515
141.454
364.05
249.626
179.26
371.61
141.454
273.612
232.515
198.423
193.758
364.05
319.199
388.253
340.641
277.248
184.149
371.61
108.604
284.208
337.168
317.089
104.376
141.454
232.515
364.05
354.551
134.543
234.606
141.454
313.891
307.35
141.454
291.426
173.374
134.543
317.246
352.238
307.717
285.991
108.604
364.05
334.503
371.61
142.107
238.067
233.94
291.957
108.604
238.578
364.05
141.454
326.412
309.042
186.918
184.149
225.274
239.349
317.089
167.904
278.441
354.551
334.503
142.107
303.839
317.089
141.454
134.127
141.454
303.839
263.636
141.454
303.839
364.05
134.543
364.05
220.886
156.465
284.208
141.454
141.454
303.839
232.515
364.05
364.05
299.556
363.866
354.551
134.543
263.936
264.792
356.896
302.78
248.554
108.604
307.35
226.936
141.454
141.454
373.959
141.454
108.604
303.839
141.454
364.05
303.839
232.515
218.036
186.936
108.604
284.751
108.464
108.604
193.758
263.636
108.604
364.05
221.606
332.029
232.515
233.94
232.515
364.05
337.603
141.454
334.503
364.05
364.05
192.037
198.423
242.257
364.05
221.606
141.454
141.454
284.208
364.05
278.441
364.05
354.551
108.604
354.551
285.991
364.05
141.454
141.454
192.037
234.606
364.05
365.42
354.551
198.423
373.485
141.454
232.515
198.423
134.543
184.149
307.35
364.05
198.423
285.991
136.961
285.991
