0.452265
0.312279
0.222197
0.397529
0.451319
0.439303
0.319786
0.07632
0.091704
0.454974
0.078766
0.070545
0.677821
0.684362
0.455621
0.227427
0.690951
0.313008
0.485833
0.07632
0.319786
0.06622
0.596145
0.684362
0.675008
0.281507
0.684362
0.07632
0.319786
0.07632
0.421093
0.07632
0.228651
0.018579
0.483965
0.018579
0.421093
0.07632
0.684362
0.500219
0.499037
0.483965
0.07632
0.463286
0.421093
0.313008
0.39828
0.684362
0.142126
0.660224
0.596145
0.484
0.298042
0.483965
0.227427
0.319786
0.668903
0.018579
0.228651
0.07632
0.421093
0.684362
0.455621
0.078766
0.391918
0.07632
0.017492
0.039002
0.07632
0.01952
0.355441
0.078766
0.097019
0.694191
0.573021
0.0889
0.227427
0.684362
0.18036
0.483965
0.062948
0.416864
0.420609
0.264455
0.227427
0.461012
0.684362
0.07632
0.011007
0.018269
0.465216
0.298042
0.365316
0.358085
0.018579
0.322324
0.015654
0.455621
0.18036
0.062948
0.155394
0.018579
0.07632
0.10081
0.07632
0.155394
0.481718
0.07632
0.155394
0.684362
0.078766
0.684362
0.403185
0.064952
0.319786
0.07632
0.07632
0.155394
0.421093
0.684362
0.684362
0.097618
0.673495
0.455621
0.078766
0.458245
0.46571
0.666578
0.466199
0.087414
0.227427
0.039002
0.399794
0.07632
0.07632
0.687786
0.07632
0.227427
0.155394
0.07632
0.684362
0.155394
0.421093
0.410482
0.328802
0.227427
0.179008
0.191671
0.227427
0.39828
0.481718
0.227427
0.684362
0.383838
0.404155
0.421093
0.420609
0.421093
0.684362
0.16959
0.07632
0.18036
0.684362
0.684362
0.516359
0.313008
0.398017
0.684362
0.383838
0.07632
0.07632
0.319786
0.684362
0.015654
0.684362
0.455621
0.227427
0.455621
0.0889
0.684362
0.07632
0.07632
0.516359
0.391918
0.684362
0.695252
0.455621
0.313008
0.682865
0.07632
0.421093
0.313008
0.078766
0.298042
0.039002
0.684362
0.313008
0.0889
0.04027
0.0889
