0.347403
0.348331
0.348932
0.348528
0.347096
0.349519
0.347073
0.350945
0.34911
0.347097
0.350722
0.350128
0.347248
0.346875
0.347378
0.350588
0.346839
0.348879
0.34698
0.350945
0.347073
0.349734
0.347768
0.346875
0.346987
0.348747
0.346875
0.350945
0.347073
0.350945
0.348075
0.350945
0.350478
0.351978
0.347468
0.351978
0.348075
0.350945
0.346875
0.346747
0.349175
0.347468
0.350945
0.34678
0.348075
0.348879
0.348302
0.346875
0.348545
0.347078
0.347768
0.346665
0.349192
0.347468
0.350588
0.347073
0.346765
0.351978
0.350478
0.350945
0.348075
0.346875
0.347378
0.350722
0.34782
0.350945
0.351686
0.350508
0.350945
0.351685
0.349336
0.350722
0.349145
0.346872
0.346744
0.349921
0.350588
0.346875
0.349272
0.347468
0.350754
0.347533
0.348158
0.347304
0.350588
0.347758
0.346875
0.350945
0.351521
0.351866
0.349357
0.349192
0.348133
0.34861
0.351978
0.349809
0.351454
0.347378
0.349272
0.350754
0.348411
0.351978
0.350945
0.35133
0.350945
0.348411
0.347443
0.350945
0.348411
0.346875
0.350722
0.346875
0.348173
0.350302
0.347073
0.350945
0.350945
0.348411
0.348075
0.346875
0.346875
0.34888
0.346771
0.347378
0.350722
0.347548
0.347568
0.3471
0.346972
0.349493
0.350588
0.350508
0.347937
0.350945
0.350945
0.347213
0.350945
0.350588
0.348411
0.350945
0.346875
0.348411
0.348075
0.347858
0.349017
0.350588
0.347776
0.350564
0.350588
0.348302
0.347443
0.350588
0.346875
0.34845
0.347512
0.348075
0.348158
0.348075
0.346875
0.348227
0.350945
0.349272
0.346875
0.346875
0.348769
0.348879
0.347326
0.346875
0.34845
0.350945
0.350945
0.347073
0.346875
0.351454
0.346875
0.347378
0.350588
0.347378
0.349921
0.346875
0.350945
0.350945
0.348769
0.34782
0.346875
0.346854
0.347378
0.348879
0.346684
0.350945
0.348075
0.348879
0.350722
0.349192
0.350508
0.346875
0.348879
0.349921
0.350203
0.349921
