0.765795
0.709524
0.721712
0.731154
0.773676
0.708756
0.780537
0.667539
0.715122
0.766364
0.686691
0.731922
0.735071
0.756121
0.752088
0.663743
0.75662
0.71606
0.784093
0.667539
0.780537
0.733961
0.734409
0.756121
0.74155
0.729319
0.756121
0.667539
0.780537
0.667539
0.74858
0.667539
0.671762
0.603625
0.739675
0.603625
0.74858
0.667539
0.756121
0.787755
0.683536
0.739675
0.667539
0.798921
0.74858
0.71606
0.746473
0.756121
0.730662
0.741643
0.734409
0.804873
0.699182
0.739675
0.663743
0.780537
0.764523
0.603625
0.671762
0.667539
0.74858
0.756121
0.752088
0.686691
0.761978
0.667539
0.62531
0.66581
0.667539
0.618747
0.685502
0.686691
0.710387
0.748758
0.77625
0.673774
0.663743
0.756121
0.685755
0.739675
0.687726
0.778396
0.743194
0.778964
0.663743
0.754454
0.756121
0.667539
0.632651
0.610433
0.675161
0.699182
0.749811
0.721401
0.603625
0.658873
0.642717
0.752088
0.685755
0.687726
0.733954
0.603625
0.667539
0.632349
0.667539
0.733954
0.768942
0.667539
0.733954
0.756121
0.686691
0.756121
0.748849
0.704904
0.780537
0.667539
0.667539
0.733954
0.74858
0.756121
0.756121
0.7292
0.762394
0.752088
0.686691
0.76744
0.765451
0.737834
0.770499
0.697484
0.663743
0.66581
0.759378
0.667539
0.667539
0.728337
0.667539
0.663743
0.733954
0.667539
0.756121
0.733954
0.74858
0.764117
0.707011
0.663743
0.768271
0.663861
0.663743
0.746473
0.768942
0.663743
0.756121
0.728792
0.743269
0.74858
0.743194
0.74858
0.756121
0.740951
0.667539
0.685755
0.756121
0.756121
0.706359
0.71606
0.786258
0.756121
0.728792
0.667539
0.667539
0.780537
0.756121
0.642717
0.756121
0.752088
0.663743
0.752088
0.673774
0.756121
0.667539
0.667539
0.706359
0.761978
0.756121
0.756831
0.752088
0.71606
0.764821
0.667539
0.74858
0.71606
0.686691
0.699182
0.66581
0.756121
0.71606
0.673774
0.732234
0.673774
