0.347402
0.348331
0.348932
0.348527
0.347095
0.349519
0.347073
0.350945
0.349109
0.347096
0.350721
0.350127
0.347248
0.346875
0.347378
0.350588
0.346838
0.348879
0.34698
0.350945
0.347073
0.349734
0.347767
0.346875
0.346987
0.348747
0.346875
0.350945
0.347073
0.350945
0.348074
0.350945
0.350478
0.351978
0.347468
0.351978
0.348074
0.350945
0.346875
0.346746
0.349175
0.347468
0.350945
0.34678
0.348074
0.348879
0.348302
0.346875
0.348544
0.347078
0.347767
0.346665
0.349192
0.347468
0.350588
0.347073
0.346765
0.351978
0.350478
0.350945
0.348074
0.346875
0.347378
0.350721
0.34782
0.350945
0.351686
0.350508
0.350945
0.351685
0.349335
0.350721
0.349144
0.346872
0.346744
0.349921
0.350588
0.346875
0.349272
0.347468
0.350754
0.347533
0.348158
0.347303
0.350588
0.347758
0.346875
0.350945
0.35152
0.351866
0.349357
0.349192
0.348133
0.34861
0.351978
0.349808
0.351453
0.347378
0.349272
0.350754
0.348411
0.351978
0.350945
0.351329
0.350945
0.348411
0.347443
0.350945
0.348411
0.346875
0.350721
0.346875
0.348173
0.350301
0.347073
0.350945
0.350945
0.348411
0.348074
0.346875
0.346875
0.34888
0.346771
0.347378
0.350721
0.347548
0.347567
0.3471
0.346972
0.349493
0.350588
0.350508
0.347937
0.350945
0.350945
0.347213
0.350945
0.350588
0.348411
0.350945
0.346875
0.348411
0.348074
0.347858
0.349017
0.350588
0.347776
0.350564
0.350588
0.348302
0.347443
0.350588
0.346875
0.34845
0.347512
0.348074
0.348158
0.348074
0.346875
0.348227
0.350945
0.349272
0.346875
0.346875
0.348768
0.348879
0.347326
0.346875
0.34845
0.350945
0.350945
0.347073
0.346875
0.351453
0.346875
0.347378
0.350588
0.347378
0.349921
0.346875
0.350945
0.350945
0.348768
0.34782
0.346875
0.346854
0.347378
0.348879
0.346684
0.350945
0.348074
0.348879
0.350721
0.349192
0.350508
0.346875
0.348879
0.349921
0.350203
0.349921
