0.764392
0.708917
0.72101
0.731031
0.772372
0.70923
0.780083
0.667648
0.714802
0.765783
0.686803
0.731593
0.734482
0.755443
0.751543
0.663826
0.755276
0.715102
0.783416
0.667648
0.780083
0.733548
0.734208
0.755443
0.74061
0.728965
0.755443
0.667648
0.780083
0.667648
0.748615
0.667648
0.672236
0.602925
0.739084
0.602925
0.748615
0.667648
0.755443
0.787137
0.683651
0.739084
0.667648
0.797646
0.748615
0.715102
0.745293
0.755443
0.73051
0.740814
0.734208
0.803677
0.699288
0.739084
0.663826
0.780083
0.763358
0.602925
0.672236
0.667648
0.748615
0.755443
0.751543
0.686803
0.762011
0.667648
0.624525
0.665242
0.667648
0.618248
0.685444
0.686803
0.709898
0.747875
0.775265
0.673419
0.663826
0.755443
0.685188
0.739084
0.687399
0.778407
0.743238
0.778605
0.663826
0.754608
0.755443
0.667648
0.632377
0.609581
0.675295
0.699288
0.748841
0.721568
0.602925
0.659348
0.642363
0.751543
0.685188
0.687399
0.73351
0.602925
0.667648
0.632917
0.667648
0.73351
0.768959
0.667648
0.73351
0.755443
0.686803
0.755443
0.749021
0.703551
0.780083
0.667648
0.667648
0.73351
0.748615
0.755443
0.755443
0.728797
0.761648
0.751543
0.686803
0.767481
0.765477
0.737092
0.769812
0.696863
0.663826
0.665242
0.758713
0.667648
0.667648
0.727736
0.667648
0.663826
0.73351
0.667648
0.755443
0.73351
0.748615
0.763862
0.706867
0.663826
0.767745
0.664329
0.663826
0.745293
0.768959
0.663826
0.755443
0.728946
0.742606
0.748615
0.743238
0.748615
0.755443
0.740308
0.667648
0.685188
0.755443
0.755443
0.705703
0.715102
0.786399
0.755443
0.728946
0.667648
0.667648
0.780083
0.755443
0.642363
0.755443
0.751543
0.663826
0.751543
0.673419
0.755443
0.667648
0.667648
0.705703
0.762011
0.755443
0.756186
0.751543
0.715102
0.764261
0.667648
0.748615
0.715102
0.686803
0.699288
0.665242
0.755443
0.715102
0.673419
0.731186
0.673419
