0.347402
0.348331
0.348932
0.348527
0.347095
0.349519
0.347072
0.350944
0.349109
0.347096
0.350722
0.350127
0.347247
0.346874
0.347377
0.350588
0.346838
0.348878
0.346979
0.350944
0.347072
0.349734
0.347767
0.346874
0.346987
0.348747
0.346874
0.350944
0.347072
0.350944
0.348074
0.350944
0.350478
0.351977
0.347467
0.351977
0.348074
0.350944
0.346874
0.346746
0.349174
0.347467
0.350944
0.34678
0.348074
0.348878
0.348302
0.346874
0.348545
0.347077
0.347767
0.346664
0.349191
0.347467
0.350588
0.347072
0.346765
0.351977
0.350478
0.350944
0.348074
0.346874
0.347377
0.350722
0.347819
0.350944
0.351685
0.350507
0.350944
0.351684
0.349335
0.350722
0.349144
0.346872
0.346743
0.34992
0.350588
0.346874
0.349271
0.347467
0.350753
0.347533
0.348157
0.347303
0.350588
0.347758
0.346874
0.350944
0.35152
0.351865
0.349356
0.349191
0.348132
0.348609
0.351977
0.349808
0.351452
0.347377
0.349271
0.350753
0.348411
0.351977
0.350944
0.351329
0.350944
0.348411
0.347443
0.350944
0.348411
0.346874
0.350722
0.346874
0.348172
0.350302
0.347072
0.350944
0.350944
0.348411
0.348074
0.346874
0.346874
0.348879
0.346772
0.347377
0.350722
0.347547
0.347567
0.3471
0.346971
0.349493
0.350588
0.350507
0.347936
0.350944
0.350944
0.347212
0.350944
0.350588
0.348411
0.350944
0.346874
0.348411
0.348074
0.347857
0.349016
0.350588
0.347775
0.350563
0.350588
0.348302
0.347443
0.350588
0.346874
0.348449
0.347511
0.348074
0.348157
0.348074
0.346874
0.348226
0.350944
0.349271
0.346874
0.346874
0.348768
0.348878
0.347325
0.346874
0.348449
0.350944
0.350944
0.347072
0.346874
0.351452
0.346874
0.347377
0.350588
0.347377
0.34992
0.346874
0.350944
0.350944
0.348768
0.347819
0.346874
0.346854
0.347377
0.348878
0.346684
0.350944
0.348074
0.348878
0.350722
0.349191
0.350507
0.346874
0.348878
0.34992
0.350202
0.34992
