0.551254
0.539204
0.460665
0.415181
0.580008
0.345443
0.593369
0.349265
0.534532
0.586827
0.352897
0.351761
0.578221
0.594338
0.563925
0.345785
0.604338
0.419977
0.581988
0.349265
0.593369
0.395915
0.545348
0.594338
0.613051
0.419484
0.594338
0.349265
0.593369
0.349265
0.479395
0.349265
0.350453
0.470227
0.562625
0.470227
0.479395
0.349265
0.594338
0.572081
0.350573
0.562625
0.349265
0.579714
0.479395
0.419977
0.419906
0.594338
0.544722
0.597734
0.545348
0.58068
0.40351
0.562625
0.345785
0.593369
0.606657
0.470227
0.350453
0.349265
0.479395
0.594338
0.563925
0.352897
0.491178
0.349265
0.482462
0.499242
0.349265
0.480522
0.352212
0.352897
0.529973
0.605859
0.604131
0.496142
0.345785
0.594338
0.506597
0.562625
0.35617
0.507164
0.467681
0.579444
0.345785
0.498784
0.594338
0.349265
0.501456
0.474172
0.350388
0.40351
0.472981
0.476209
0.470227
0.349428
0.481092
0.563925
0.506597
0.35617
0.553623
0.470227
0.349265
0.347825
0.349265
0.553623
0.5269
0.349265
0.553623
0.594338
0.352897
0.594338
0.469672
0.399987
0.593369
0.349265
0.349265
0.553623
0.479395
0.594338
0.594338
0.532543
0.596829
0.563925
0.352897
0.525615
0.522371
0.597702
0.599768
0.513947
0.345785
0.499242
0.474658
0.349265
0.349265
0.59972
0.349265
0.345785
0.553623
0.349265
0.594338
0.553623
0.479395
0.472377
0.395381
0.345785
0.567562
0.352267
0.345785
0.419906
0.5269
0.345785
0.594338
0.4561
0.584219
0.479395
0.467681
0.479395
0.594338
0.549253
0.349265
0.506597
0.594338
0.594338
0.351768
0.419977
0.532859
0.594338
0.4561
0.349265
0.349265
0.593369
0.594338
0.481092
0.594338
0.563925
0.345785
0.563925
0.496142
0.594338
0.349265
0.349265
0.351768
0.491178
0.594338
0.59029
0.563925
0.419977
0.598204
0.349265
0.479395
0.419977
0.352897
0.40351
0.499242
0.594338
0.419977
0.496142
0.409895
0.496142
