0.479419
0.479974
0.403099
0.348899
0.515884
0.346165
0.526894
0.348848
0.4854
0.524272
0.352255
0.351857
0.509602
0.532081
0.504266
0.347021
0.530068
0.351409
0.511119
0.348848
0.526894
0.354876
0.49312
0.532081
0.542241
0.349503
0.532081
0.348848
0.526894
0.348848
0.407252
0.348848
0.351535
0.440217
0.498032
0.440217
0.407252
0.348848
0.532081
0.488106
0.34852
0.498032
0.348848
0.511279
0.407252
0.351409
0.350019
0.532081
0.493272
0.532882
0.49312
0.511018
0.350338
0.498032
0.347021
0.526894
0.534618
0.440217
0.351535
0.348848
0.407252
0.532081
0.504266
0.352255
0.424581
0.348848
0.449533
0.465954
0.348848
0.449436
0.350177
0.352255
0.485401
0.543962
0.526332
0.445188
0.347021
0.532081
0.454359
0.498032
0.349955
0.44838
0.408367
0.521107
0.347021
0.428025
0.532081
0.348848
0.472259
0.44474
0.349665
0.350338
0.40434
0.413858
0.440217
0.348759
0.450303
0.504266
0.454359
0.349955
0.496462
0.440217
0.348848
0.347872
0.348848
0.496462
0.458544
0.348848
0.496462
0.532081
0.352255
0.532081
0.405655
0.35189
0.526894
0.348848
0.348848
0.496462
0.407252
0.532081
0.532081
0.488217
0.531233
0.504266
0.352255
0.460592
0.456355
0.531058
0.531854
0.458378
0.347021
0.465954
0.405799
0.348848
0.348848
0.530755
0.348848
0.347021
0.496462
0.348848
0.532081
0.496462
0.407252
0.401219
0.34941
0.347021
0.518745
0.352918
0.347021
0.350019
0.458544
0.347021
0.532081
0.387784
0.517988
0.407252
0.408367
0.407252
0.532081
0.505247
0.348848
0.454359
0.532081
0.532081
0.349445
0.351409
0.469867
0.532081
0.387784
0.348848
0.348848
0.526894
0.532081
0.450303
0.532081
0.504266
0.347021
0.504266
0.445188
0.532081
0.348848
0.348848
0.349445
0.424581
0.532081
0.526388
0.504266
0.351409
0.535624
0.348848
0.407252
0.351409
0.352255
0.350338
0.465954
0.532081
0.351409
0.445188
0.351178
0.445188
