0.412526
0.416388
0.349177
0.34768
0.449729
0.347556
0.464098
0.349464
0.43782
0.459785
0.35229
0.351965
0.445998
0.469042
0.442891
0.348081
0.465757
0.350029
0.442794
0.349464
0.464098
0.352811
0.437211
0.469042
0.475068
0.348339
0.469042
0.349464
0.464098
0.349464
0.352215
0.349464
0.353315
0.409335
0.434715
0.409335
0.352215
0.349464
0.469042
0.414107
0.348243
0.434715
0.349464
0.44271
0.352215
0.350029
0.34843
0.469042
0.445322
0.473243
0.437211
0.446572
0.349566
0.434715
0.348081
0.464098
0.463394
0.409335
0.353315
0.349464
0.352215
0.469042
0.442891
0.35229
0.360273
0.349464
0.41526
0.429479
0.349464
0.416315
0.350039
0.35229
0.441702
0.47065
0.45346
0.395785
0.348081
0.469042
0.40343
0.434715
0.349854
0.386097
0.35033
0.460338
0.348081
0.363118
0.469042
0.349464
0.440547
0.416121
0.350088
0.349566
0.351164
0.35606
0.409335
0.349177
0.416175
0.442891
0.40343
0.349854
0.441435
0.409335
0.349464
0.348976
0.349464
0.441435
0.400168
0.349464
0.441435
0.469042
0.35229
0.469042
0.348084
0.350288
0.464098
0.349464
0.349464
0.441435
0.352215
0.469042
0.469042
0.440097
0.464966
0.442891
0.35229
0.403293
0.3997
0.461721
0.461174
0.411319
0.348081
0.429479
0.348527
0.349464
0.349464
0.465237
0.349464
0.348081
0.441435
0.349464
0.469042
0.441435
0.352215
0.348135
0.348331
0.348081
0.459714
0.353982
0.348081
0.34843
0.400168
0.348081
0.469042
0.349176
0.454719
0.352215
0.35033
0.352215
0.469042
0.449254
0.349464
0.40343
0.469042
0.469042
0.349035
0.350029
0.402064
0.469042
0.349176
0.349464
0.349464
0.464098
0.469042
0.416175
0.469042
0.442891
0.348081
0.442891
0.395785
0.469042
0.349464
0.349464
0.349035
0.360273
0.469042
0.470375
0.442891
0.350029
0.471549
0.349464
0.352215
0.350029
0.35229
0.349566
0.429479
0.469042
0.350029
0.395785
0.349952
0.395785
