0.766206
0.709888
0.72055
0.730189
0.774988
0.633281
0.780928
0.62079
0.715616
0.766383
0.632817
0.679212
0.735382
0.756647
0.752192
0.585744
0.757714
0.715088
0.784147
0.62079
0.780928
0.703688
0.734116
0.756647
0.742445
0.727843
0.756647
0.62079
0.780928
0.62079
0.747735
0.62079
0.593862
0.597832
0.739813
0.597832
0.747735
0.62079
0.756647
0.787957
0.682575
0.739813
0.62079
0.799915
0.747735
0.715088
0.745575
0.756647
0.730217
0.742127
0.734116
0.804924
0.698228
0.739813
0.585744
0.780928
0.76577
0.597832
0.593862
0.62079
0.747735
0.756647
0.752192
0.632817
0.761408
0.62079
0.618467
0.666301
0.62079
0.614021
0.684328
0.632817
0.710266
0.749913
0.77745
0.674495
0.585744
0.756647
0.686537
0.739813
0.638718
0.777792
0.742577
0.778639
0.585744
0.753946
0.756647
0.62079
0.613341
0.610159
0.674264
0.698228
0.748988
0.72068
0.597832
0.657861
0.630181
0.752192
0.686537
0.638718
0.73384
0.597832
0.62079
0.579736
0.62079
0.73384
0.768448
0.62079
0.73384
0.756647
0.632817
0.756647
0.748195
0.680239
0.780928
0.62079
0.62079
0.73384
0.747735
0.756647
0.756647
0.728687
0.76279
0.752192
0.632817
0.766725
0.764899
0.738734
0.771647
0.697136
0.585744
0.666301
0.758421
0.62079
0.62079
0.72917
0.62079
0.585744
0.73384
0.62079
0.756647
0.73384
0.747735
0.763508
0.705663
0.585744
0.768326
0.589681
0.585744
0.745575
0.768448
0.585744
0.756647
0.728091
0.74371
0.747735
0.742577
0.747735
0.756647
0.74067
0.62079
0.686537
0.756647
0.756647
0.705346
0.715088
0.785827
0.756647
0.728091
0.62079
0.62079
0.780928
0.756647
0.630181
0.756647
0.752192
0.585744
0.752192
0.674495
0.756647
0.62079
0.62079
0.705346
0.761408
0.756647
0.757276
0.752192
0.715088
0.764794
0.62079
0.747735
0.715088
0.632817
0.698228
0.666301
0.756647
0.715088
0.674495
0.699528
0.674495
