0.616219
0.600151
0.527123
0.493207
0.646152
0.346632
0.660453
0.395831
0.587501
0.650585
0.39653
0.417125
0.642384
0.662085
0.630683
0.345164
0.667414
0.493202
0.639297
0.395831
0.660453
0.455359
0.600235
0.662085
0.677747
0.488713
0.662085
0.395831
0.660453
0.395831
0.545492
0.395831
0.349344
0.50243
0.628478
0.50243
0.545492
0.395831
0.662085
0.648073
0.425495
0.628478
0.395831
0.643442
0.545492
0.493202
0.498663
0.662085
0.595376
0.662962
0.600235
0.647858
0.473773
0.628478
0.345164
0.660453
0.675859
0.50243
0.349344
0.395831
0.545492
0.662085
0.630683
0.39653
0.565538
0.395831
0.51513
0.538417
0.395831
0.509778
0.424071
0.39653
0.577532
0.673622
0.668631
0.538881
0.345164
0.662085
0.5603
0.628478
0.41353
0.57748
0.544163
0.637699
0.345164
0.567505
0.662085
0.395831
0.531218
0.50353
0.438815
0.473773
0.541972
0.542141
0.50243
0.426271
0.514333
0.630683
0.5603
0.41353
0.612644
0.50243
0.395831
0.352551
0.395831
0.612644
0.591083
0.395831
0.612644
0.662085
0.39653
0.662085
0.536798
0.453862
0.660453
0.395831
0.395831
0.612644
0.545492
0.662085
0.662085
0.577436
0.664721
0.630683
0.39653
0.588481
0.585764
0.664078
0.662427
0.569296
0.345164
0.538417
0.551678
0.395831
0.395831
0.663725
0.395831
0.345164
0.612644
0.395831
0.662085
0.612644
0.545492
0.54722
0.470485
0.345164
0.626821
0.352701
0.345164
0.498663
0.591083
0.345164
0.662085
0.523703
0.650736
0.545492
0.544163
0.545492
0.662085
0.608349
0.395831
0.5603
0.662085
0.662085
0.437781
0.493202
0.597768
0.662085
0.523703
0.395831
0.395831
0.660453
0.662085
0.514333
0.662085
0.630683
0.345164
0.630683
0.538881
0.662085
0.395831
0.395831
0.437781
0.565538
0.662085
0.656593
0.630683
0.493202
0.661323
0.395831
0.545492
0.493202
0.39653
0.473773
0.538417
0.662085
0.493202
0.538881
0.461373
0.538881
