0.765069
0.709204
0.721772
0.731229
0.773016
0.708606
0.780206
0.667807
0.714921
0.766135
0.686893
0.732003
0.734773
0.75585
0.751823
0.663591
0.756041
0.715806
0.783869
0.667807
0.780206
0.733972
0.734276
0.75585
0.741146
0.729364
0.75585
0.667807
0.780206
0.667807
0.748563
0.667807
0.6718
0.603076
0.739423
0.603076
0.748563
0.667807
0.75585
0.787541
0.683644
0.739423
0.667807
0.798305
0.748563
0.715806
0.746177
0.75585
0.730605
0.741302
0.734276
0.804268
0.699202
0.739423
0.663591
0.780206
0.763836
0.603076
0.6718
0.667807
0.748563
0.75585
0.751823
0.686893
0.762015
0.667807
0.624734
0.665526
0.667807
0.618244
0.685502
0.686893
0.710153
0.748311
0.775697
0.673535
0.663591
0.75585
0.68542
0.739423
0.687949
0.778402
0.743191
0.778891
0.663591
0.754523
0.75585
0.667807
0.632552
0.609913
0.675166
0.699202
0.74957
0.721434
0.603076
0.659116
0.64249
0.751823
0.68542
0.687949
0.73367
0.603076
0.667807
0.632677
0.667807
0.73367
0.768962
0.667807
0.73367
0.75585
0.686893
0.75585
0.748847
0.704401
0.780206
0.667807
0.667807
0.73367
0.748563
0.75585
0.75585
0.728913
0.762077
0.751823
0.686893
0.767411
0.76542
0.737472
0.770161
0.697338
0.663591
0.665526
0.759342
0.667807
0.667807
0.728028
0.667807
0.663591
0.73367
0.667807
0.75585
0.73367
0.748563
0.764271
0.707069
0.663591
0.767979
0.663827
0.663591
0.746177
0.768962
0.663591
0.75585
0.728842
0.742979
0.748563
0.743191
0.748563
0.75585
0.740731
0.667807
0.68542
0.75585
0.75585
0.706459
0.715806
0.786319
0.75585
0.728842
0.667807
0.667807
0.780206
0.75585
0.64249
0.75585
0.751823
0.663591
0.751823
0.673535
0.75585
0.667807
0.667807
0.706459
0.762015
0.75585
0.756526
0.751823
0.715806
0.764593
0.667807
0.748563
0.715806
0.686893
0.699202
0.665526
0.75585
0.715806
0.673535
0.731858
0.673535
