0.764191
0.708904
0.720519
0.730829
0.772191
0.709245
0.779962
0.667101
0.714773
0.765701
0.686182
0.731182
0.734353
0.755317
0.75147
0.664125
0.755016
0.714914
0.783184
0.667101
0.779962
0.733093
0.733968
0.755317
0.740532
0.728485
0.755317
0.667101
0.779962
0.667101
0.748255
0.667101
0.672698
0.602967
0.738924
0.602967
0.748255
0.667101
0.755317
0.78676
0.683258
0.738924
0.667101
0.797302
0.748255
0.714914
0.745049
0.755317
0.730461
0.740683
0.733968
0.803348
0.698618
0.738924
0.664125
0.779962
0.763257
0.602967
0.672698
0.667101
0.748255
0.755317
0.75147
0.686182
0.761413
0.667101
0.624489
0.665221
0.667101
0.618281
0.685092
0.686182
0.709721
0.747782
0.775121
0.673298
0.664125
0.755317
0.685211
0.738924
0.686954
0.7779
0.742841
0.778494
0.664125
0.754445
0.755317
0.667101
0.632323
0.609535
0.674804
0.698618
0.748562
0.721337
0.602967
0.658974
0.642363
0.75147
0.685211
0.686954
0.733354
0.602967
0.667101
0.632269
0.667101
0.733354
0.768491
0.667101
0.733354
0.755317
0.686182
0.755317
0.748516
0.703128
0.779962
0.667101
0.667101
0.733354
0.748255
0.755317
0.755317
0.72858
0.761534
0.75147
0.686182
0.767077
0.764929
0.73691
0.769626
0.696658
0.664125
0.665221
0.75824
0.667101
0.667101
0.727574
0.667101
0.664125
0.733354
0.667101
0.755317
0.733354
0.748255
0.763475
0.706446
0.664125
0.767526
0.664784
0.664125
0.745049
0.768491
0.664125
0.755317
0.728454
0.74257
0.748255
0.742841
0.748255
0.755317
0.740349
0.667101
0.685211
0.755317
0.755317
0.705278
0.714914
0.785996
0.755317
0.728454
0.667101
0.667101
0.779962
0.755317
0.642363
0.755317
0.75147
0.664125
0.75147
0.673298
0.755317
0.667101
0.667101
0.705278
0.761413
0.755317
0.756011
0.75147
0.714914
0.764119
0.667101
0.748255
0.714914
0.686182
0.698618
0.665221
0.755317
0.714914
0.673298
0.730696
0.673298
