0.347403
0.348331
0.348932
0.348527
0.347096
0.349519
0.347072
0.350944
0.349109
0.347096
0.350722
0.350127
0.347248
0.346874
0.347377
0.350588
0.346838
0.348879
0.346979
0.350944
0.347072
0.349734
0.347767
0.346874
0.346987
0.348747
0.346874
0.350944
0.347072
0.350944
0.348075
0.350944
0.350478
0.351977
0.347468
0.351977
0.348075
0.350944
0.346874
0.346746
0.349174
0.347468
0.350944
0.346781
0.348075
0.348879
0.348302
0.346874
0.348545
0.347077
0.347767
0.346665
0.349192
0.347468
0.350588
0.347072
0.346765
0.351977
0.350478
0.350944
0.348075
0.346874
0.347377
0.350722
0.347819
0.350944
0.351685
0.350507
0.350944
0.351684
0.349335
0.350722
0.349144
0.346872
0.346743
0.34992
0.350588
0.346874
0.349271
0.347468
0.350754
0.347534
0.348157
0.347304
0.350588
0.347759
0.346874
0.350944
0.351521
0.351866
0.349356
0.349192
0.348132
0.34861
0.351977
0.349808
0.351453
0.347377
0.349271
0.350754
0.348411
0.351977
0.350944
0.351329
0.350944
0.348411
0.347443
0.350944
0.348411
0.346874
0.350722
0.346874
0.348173
0.350302
0.347072
0.350944
0.350944
0.348411
0.348075
0.346874
0.346874
0.34888
0.346772
0.347377
0.350722
0.347548
0.347567
0.3471
0.346971
0.349493
0.350588
0.350507
0.347936
0.350944
0.350944
0.347213
0.350944
0.350588
0.348411
0.350944
0.346874
0.348411
0.348075
0.347857
0.349017
0.350588
0.347775
0.350564
0.350588
0.348302
0.347443
0.350588
0.346874
0.34845
0.347511
0.348075
0.348157
0.348075
0.346874
0.348227
0.350944
0.349271
0.346874
0.346874
0.348768
0.348879
0.347325
0.346874
0.34845
0.350944
0.350944
0.347072
0.346874
0.351453
0.346874
0.347377
0.350588
0.347377
0.34992
0.346874
0.350944
0.350944
0.348768
0.347819
0.346874
0.346854
0.347377
0.348879
0.346684
0.350944
0.348075
0.348879
0.350722
0.349192
0.350507
0.346874
0.348879
0.34992
0.350202
0.34992
