0.347402
0.34833
0.348931
0.348527
0.347095
0.349519
0.347071
0.350944
0.349108
0.347095
0.350721
0.350127
0.347248
0.346874
0.347378
0.350587
0.346838
0.348879
0.346978
0.350944
0.347071
0.349734
0.347766
0.346874
0.346986
0.348747
0.346874
0.350944
0.347071
0.350944
0.348074
0.350944
0.350477
0.351978
0.347467
0.351978
0.348074
0.350944
0.346874
0.346746
0.349173
0.347467
0.350944
0.34678
0.348074
0.348879
0.348301
0.346874
0.348544
0.347078
0.347766
0.346665
0.349192
0.347467
0.350587
0.347071
0.346764
0.351978
0.350477
0.350944
0.348074
0.346874
0.347378
0.350721
0.347819
0.350944
0.351684
0.350507
0.350944
0.351684
0.349334
0.350721
0.349144
0.346872
0.346742
0.34992
0.350587
0.346874
0.34927
0.347467
0.350753
0.347533
0.348156
0.347303
0.350587
0.347758
0.346874
0.350944
0.35152
0.351865
0.349356
0.349192
0.348132
0.34861
0.351978
0.349807
0.351452
0.347378
0.34927
0.350753
0.34841
0.351978
0.350944
0.351328
0.350944
0.34841
0.347443
0.350944
0.34841
0.346874
0.350721
0.346874
0.348173
0.350301
0.347071
0.350944
0.350944
0.34841
0.348074
0.346874
0.346874
0.34888
0.346771
0.347378
0.350721
0.347548
0.347566
0.347099
0.346971
0.349492
0.350587
0.350507
0.347936
0.350944
0.350944
0.347213
0.350944
0.350587
0.34841
0.350944
0.346874
0.34841
0.348074
0.347856
0.349016
0.350587
0.347774
0.350564
0.350587
0.348301
0.347443
0.350587
0.346874
0.34845
0.347512
0.348074
0.348156
0.348074
0.346874
0.348227
0.350944
0.34927
0.346874
0.346874
0.348768
0.348879
0.347324
0.346874
0.34845
0.350944
0.350944
0.347071
0.346874
0.351452
0.346874
0.347378
0.350587
0.347378
0.34992
0.346874
0.350944
0.350944
0.348768
0.347819
0.346874
0.346854
0.347378
0.348879
0.346684
0.350944
0.348074
0.348879
0.350721
0.349192
0.350507
0.346874
0.348879
0.34992
0.350203
0.34992
