Shear_Strain_(%)	Shear_Stress_(kPa)	Axial_Strain_(%)	Effective_Vertical_Stress_(kPa)
0	-0.10612	0	98.55
0.055631	2.6043	-0.039544	98.061
0.092483	5.5235	-0.0089215	96.517
0.13902	8.0577	-0.024896	93.632
0.17365	9.9895	-0.036228	90.675
0.20527	11.697	-0.028211	87.648
0.23047	13.182	-0.019953	84.707
0.24547	14.105	-0.027789	82.494
0.24577	13.844	-0.047079	82.029
0.24166	13.497	-0.030924	81.525
0.2419	13.372	-0.029718	81.289
0.24007	13.291	-0.022424	81.144
0.24152	13.206	-0.015733	81.034
0.20552	10.781	-0.0062691	81.037
0.1833	7.8405	-0.020013	81.04
0.16768	5.4194	-0.028513	81.043
0.15433	3.8747	-0.044849	81.112
0.14811	2.908	-0.028211	81.184
0.14008	2.7066	-0.019049	81.119
0.13298	2.4565	-0.014045	81.139
0.13338	2.0756	-0.0017481	81.268
0.12742	1.6728	-0.015492	81.389
0.12477	1.2405	-0.01284	81.514
0.11802	0.73856	-0.0089818	81.588
0.10907	0.31236	-0.019591	81.658
0.098601	-0.18054	-0.024172	81.86
0.09522	-0.73926	-0.042256	82.018
0.071954	-2.1925	-0.029718	82.286
0.031478	-4.4296	-0.020013	82.1
-0.019422	-6.8779	-0.021279	81.658
-0.054262	-8.6967	-0.01718	81.002
-0.087834	-10.717	-0.00645	79.946
-0.12996	-12.459	-0.015251	78.593
-0.19026	-14.047	-0.009886	77.031
-0.20266	-14.347	-0.02363	76.483
-0.19992	-13.823	-0.011393	75.853
-0.17671	-12.478	0.0094037	75.13
-0.17198	-12.377	-0.01067	74.999
-0.1739	-12.348	-0.022665	75.022
-0.16955	-12.307	-0.023931	74.992
-0.13189	-11.529	-0.016698	74.644
-0.10629	-9.6391	-0.032129	73.922
-0.094858	-8.4531	-0.029899	73.38
-0.092765	-7.3834	-0.013563	72.824
-0.086203	-6.3884	-0.02369	72.415
-0.076885	-5.4913	-0.016155	72.003
-0.069981	-4.663	-0.011152	71.644
-0.062091	-4.1408	-0.022906	71.265
-0.062655	-3.804	-0.025378	70.93
-0.05557	-3.6124	-0.039845	70.748
-0.05877	-3.5993	-0.020254	70.678
-0.049693	-2.912	-0.018868	70.432
-0.02858	-1.3849	-0.026825	69.982
0.0026567	0.99583	-0.0089818	69.302
0.03653	3.1162	-0.011092	68.612
0.081373	5.513	0.0003014	68.027
0.11639	7.8665	-0.029899	67.306
0.15417	9.9653	-0.015191	66.691
0.17543	11.732	-0.025559	65.921
0.21262	13.195	-0.026584	64.999
0.23293	14.241	-0.024414	63.846
0.23571	14.109	-0.0070528	63.683
0.2354	13.715	-0.016878	63.355
0.23436	13.595	-0.042256	63.215
0.23736	13.497	-0.0095846	63.154
0.23683	13.456	-0.027789	63.162
0.20183	11.412	-0.013804	63.072
0.18028	8.6197	-0.01067	62.99
0.16003	6.1957	-0.028935	62.932
0.136	4.0422	-0.027066	63.019
0.12654	2.8398	-0.010911	63.13
0.11617	2.297	-0.022243	63.121
0.11486	2.2476	-0.027307	63.064
0.11352	2.0786	-0.011092	63.185
0.10561	1.8253	-0.014226	63.274
0.10834	1.538	-0.0047621	63.448
0.096991	1.1201	-0.028935	63.601
0.09522	0.74095	-0.026825	63.722
0.082419	0.2539	-0.031165	63.905
0.077428	-0.29732	-0.017602	64.167
0.063782	-1.1079	-0.0084995	64.474
0.029204	-3.0586	-0.020978	64.771
-0.020831	-5.5594	-0.01712	64.993
-0.054182	-7.8795	-0.026825	65.111
-0.090833	-9.9547	0.0023509	65.06
-0.12867	-11.91	-0.0031949	64.899
-0.18646	-13.648	-0.015251	64.437
-0.20207	-14.094	-0.017421	64.137
-0.20217	-13.715	-0.01718	63.879
-0.17374	-12.363	-0.018144	63.059
-0.17102	-12.094	-0.018325	62.931
-0.16522	-12.061	-0.0038579	62.885
-0.16377	-12.037	-0.0063294	62.904
-0.14469	-11.681	-0.026825	62.716
-0.11571	-9.6628	-0.012357	61.896
-0.099044	-8.4954	-0.0036168	61.344
-0.093389	-7.2748	-0.014226	60.824
-0.08574	-6.1464	-0.021219	60.307
-0.076341	-5.2163	-0.019832	59.945
-0.071652	-4.3363	-0.015432	59.53
-0.05869	-3.6941	-0.017602	59.141
-0.056275	-3.3477	-0.011755	58.888
-0.054423	-3.0636	-0.012056	58.54
-0.053719	-2.9985	-0.006028	58.462
-0.046634	-2.4797	-0.0086804	58.227
-0.032223	-1.6057	-0.0048224	57.939
-0.0025964	0.43301	-0.014708	57.386
0.033551	2.6201	-0.0089215	56.834
0.073262	4.9118	-0.022424	56.336
0.11358	7.1236	-0.022243	55.898
0.14789	9.1432	-0.040086	55.543
0.17516	10.99	-0.021279	55.313
0.21125	12.548	-0.021761	54.9
0.23482	13.712	-0.013804	54.383
0.24356	14.009	-0.014708	54.12
0.24345	13.6	-0.01935	53.826
0.24215	13.448	-0.018566	53.693
0.24474	13.349	-0.021942	53.674
0.24007	13.314	-0.012357	53.614
0.22701	12.424	-0.032732	53.562
0.19322	9.55	-0.00096448	53.327
0.17661	7.1019	-0.0074748	53.164
0.15488	4.8559	-0.011333	53.213
0.13614	3.2133	-0.019109	53.253
0.12654	2.2554	-0.014226	53.405
0.12356	1.9825	-0.010368	53.449
0.12227	1.9699	-0.012538	53.421
0.11704	1.674	0.0036168	53.573
0.11094	1.4112	-0.01284	53.724
0.10126	1.023	-0.011875	53.901
0.096287	0.61347	-0.029236	54.016
0.089927	0.26624	-0.017361	54.213
0.086384	-0.11717	-0.023931	54.394
0.075174	-0.43761	-0.015492	54.699
0.047338	-2.0287	-0.023389	55.036
0.010325	-4.0158	-0.014708	55.278
-0.028278	-6.1997	-0.010428	55.509
-0.070605	-8.3374	-0.020254	55.718
-0.10508	-10.277	-0.023389	55.848
-0.14314	-12.101	-0.019109	55.881
-0.20048	-13.567	-0.0063294	55.722
-0.22351	-14.103	-0.024414	55.46
-0.22301	-13.806	-0.013985	55.313
-0.1875	-12.216	-0.0045813	54.431
-0.16713	-11.158	-0.0081981	54.011
-0.16882	-11.125	-0.015492	53.913
-0.16818	-11.088	0.0053047	53.934
-0.17293	-11.067	-0.0099462	53.902
-0.14831	-9.6685	-0.014467	53.277
-0.12793	-8.3014	-0.0021701	52.702
-0.10379	-7.0982	-0.01067	52.121
-0.093972	-6.0378	-0.0084995	51.579
-0.087854	-5.1975	-0.031165	51.196
-0.080105	-4.3105	-0.025559	50.777
-0.074248	-3.5472	-0.0053649	50.314
-0.071833	-2.9928	-0.021279	49.984
-0.06499	-2.7375	-0.012056	49.706
-0.06185	-2.6365	-0.018807	49.546
-0.060783	-2.307	-0.01296	49.306
-0.049613	-1.537	-0.0081981	49.034
-0.026245	-0.062895	-0.0072336	48.618
0.010144	1.962	-0.016577	48.04
0.042186	4.01	-0.00072336	47.518
0.081292	6.1425	-0.019109	47.163
0.13217	8.1102	-0.0051238	46.907
0.16365	9.8933	-0.011634	46.691
0.19489	11.458	-0.021942	46.645
0.22502	12.684	-0.0076556	46.446
0.25044	13.557	-0.014467	46.161
0.26582	13.875	-0.0043402	46.008
0.27123	13.526	-0.018144	45.74
0.26626	13.295	-0.007535	45.586
0.26785	13.215	-0.010368	45.502
0.26994	13.152	-0.0044005	45.527
0.25801	12.685	0.0018687	45.485
0.21703	9.867	-0.0091626	45.182
0.19851	7.4502	-0.028513	44.869
0.18066	5.3184	-0.015492	44.789
0.16263	3.6351	-0.0086804	44.818
0.15053	2.4733	-0.034902	44.842
0.13741	1.9033	-0.014407	44.939
0.14119	1.8694	-0.011333	44.959
0.1333	1.6411	-0.012779	45.041
0.1325	1.3441	-0.032792	45.206
0.12736	0.98739	-0.015251	45.309
0.12195	0.63618	-0.0024112	45.44
0.1118	0.419	-0.016457	45.58
0.1081	0.2765	-0.012297	45.756
0.10681	0.025483	-0.011092	46.058
0.084996	-1.0743	-0.0062691	46.383
0.043716	-2.7853	-0.019471	46.511
0.0094999	-4.8172	-0.0092229	46.658
-0.033672	-6.8255	-0.007957	46.76
-0.076341	-8.671	-0.031587	46.93
-0.10903	-10.343	-0.033817	47.14
-0.15771	-11.846	-0.01718	47.317
-0.21811	-13.071	-0.013744	47.349
-0.27745	-13.951	-0.015432	47.316
-0.28258	-14	-0.01284	47.206
-0.27962	-13.454	-0.009464	46.933
-0.20433	-11.002	-0.014045	45.747
-0.19934	-10.639	-0.02363	45.491
-0.19869	-10.609	-0.0088612	45.486
-0.20127	-10.59	-0.024414	45.464
-0.19807	-10.301	-0.014045	45.339
-0.17593	-8.391	-6.03E-05	44.439
-0.16375	-7.2581	0.0066911	43.855
-0.14097	-6.2717	-0.0044005	43.314
-0.12567	-5.4256	-0.0063294	42.906
-0.11466	-4.6729	-0.014467	42.434
-0.099044	-3.9643	-0.016396	41.99
-0.091617	-3.2755	-0.018807	41.568
-0.086405	-2.6998	-0.023389	41.161
-0.081333	-2.3944	-0.014467	40.875
-0.08099	-2.3943	-0.01929	40.852
-0.076824	-1.9626	-0.017662	40.582
-0.066197	-1.0423	-0.0077762	40.17
-0.048566	0.4323	-0.016155	39.616
-0.016283	2.2626	0.0011453	38.953
0.029546	4.0417	-0.0072336	38.522
0.063742	5.8257	-0.014286	38.114
0.10818	7.5249	-0.013985	37.939
0.15457	8.9395	-0.011092	37.843
0.18293	10.296	-0.017903	37.86
0.21743	11.449	-0.016396	37.913
0.24345	12.366	-0.015974	37.962
0.28264	12.981	-0.022665	37.955
0.31589	13.472	-0.013503	37.954
0.34552	13.818	-0.016336	37.847
0.34956	13.674	-0.017602	37.691
0.34407	13.213	-0.009464	37.485
0.34433	13.106	-0.019832	37.451
0.34254	13.077	-0.012116	37.339
0.34399	13.014	0.00024112	37.355
0.29118	10.391	-0.018566	36.899
0.26938	7.7632	-0.011333	36.341
0.25279	5.6877	-0.014769	35.928
0.22476	3.9199	-0.0031346	35.694
0.21147	2.8743	-0.0053047	35.649
0.21196	2.0933	-0.015191	35.802
0.2031	1.7953	-0.013563	35.778
0.20071	1.7621	-0.0082584	35.871
0.19271	1.4669	0.010127	35.953
0.19135	1.1963	-0.010368	35.998
0.18869	0.9261	-0.0017481	36.044
0.18523	0.7456	-0.0097051	36.18
0.17754	0.63922	-0.0086804	36.348
0.17677	0.55306	-0.016336	36.489
0.17365	0.25947	-0.0040991	36.733
0.15482	-1.0565	-0.015492	36.771
0.11877	-2.6463	0.0094037	36.692
0.075214	-4.2451	-0.015191	36.537
0.030512	-5.7809	-0.0099462	36.406
-0.016605	-7.1893	-0.0037977	36.435
-0.060481	-8.5382	-0.0041593	36.494
-0.099125	-9.6538	-0.007535	36.657
-0.14163	-10.751	-0.018024	36.848
-0.20982	-11.666	-0.0056061	37.02
-0.26511	-12.379	-0.0082584	37.126
-0.31344	-12.97	-0.025378	37.305
-0.35353	-13.443	0.014407	37.379
-0.38074	-13.879	-0.0082584	37.516
-0.38863	-13.907	-0.010127	37.462
-0.39086	-13.385	-0.0041593	37.226
-0.34417	-10.27	-0.007957	35.604
-0.3371	-9.0318	-0.016878	34.937
-0.33888	-8.9958	-0.011092	34.85
-0.33763	-8.9697	-0.031828	34.838
-0.33256	-8.871	-0.0056061	34.756
-0.32064	-7.5251	0.0021098	34.023
-0.31229	-6.4907	0.0028332	33.361
-0.2954	-5.7164	-0.0092229	32.813
-0.28097	-4.9331	-0.0096448	32.258
-0.26755	-4.2015	0.0072336	31.76
-0.25819	-3.4612	-0.0082584	31.206
-0.24869	-2.8162	-0.0060883	30.742
-0.24525	-2.3989	-0.018566	30.487
-0.23977	-2.2063	-0.029236	30.401
-0.23736	-2.2158	-0.0086804	30.343
-0.21763	-1.6059	-0.012779	29.653
-0.19716	-1.0453	-0.0072336	29.02
-0.17824	-0.0065845	-0.0082584	28.286
-0.1236	1.4057	-0.0058472	27.373
-0.091456	2.8334	-0.020254	26.603
-0.067163	4.0371	-0.020314	26.055
-0.029808	5.144	0.0019892	25.609
0.026406	6.1388	-0.0028332	25.283
0.073423	7.0762	-0.0040991	25.13
0.12358	7.8681	-0.0092229	25.08
0.16158	8.5828	-0.00096448	25.198
0.20455	9.2815	-0.0089818	25.416
0.22741	9.8706	0.00096448	25.658
0.25956	10.392	0.018084	25.939
0.29778	10.827	-0.012478	26.236
0.33884	11.263	0.001929	26.559
0.37579	11.61	-0.014045	26.895
0.4097	11.933	-0.024655	27.205
0.43818	12.243	-0.0053649	27.55
0.46888	12.565	-0.013081	27.857
0.5038	12.826	-0.016878	28.155
0.5306	13.045	-0.0031346	28.448
0.58094	13.392	-0.014226	28.811
0.60169	13.635	0.01079	29.184
0.62649	13.861	-0.015492	29.425
0.63005	13.715	0.010127	29.268
0.61924	12.742	-0.0072336	28.844
0.59324	10.43	-0.020013	28.053
0.58921	10.321	-0.0030743	27.964
0.58972	10.291	-0.016215	27.916
0.58901	10.316	-0.0057869	27.908
0.57192	8.398	-0.028211	27.23
0.53455	6.3431	-0.010368	26.324
0.51637	4.6244	-0.011333	25.564
0.49665	3.388	-0.0051238	24.983
0.47674	2.586	-0.015733	24.678
0.46596	2.0094	-0.0078967	24.656
0.4596	1.8172	0	24.717
0.45968	1.828	-0.013021	24.681
0.45646	1.6886	-0.0088612	24.779
0.451	1.3206	-0.016878	24.602
0.44639	1.1373	0.004521	24.364
0.44019	1.0171	-0.010368	24.217
0.43887	0.9491	-0.014045	24.105
0.43804	0.8626	-0.011333	24.2
0.43138	0.58339	-0.019832	24.247
0.40465	-0.38441	0	23.525
0.3745	-1.3025	-0.0092229	22.663
0.33739	-2.1336	0.00024112	21.895
0.30945	-2.8301	-0.014045	21.279
0.27212	-3.453	-0.015432	20.755
0.24643	-4.0282	-0.017662	20.369
0.21061	-4.5503	0.0016878	20.093
0.18169	-5.0925	-0.0072939	19.894
0.15256	-5.5862	-0.0089215	19.79
0.09991	-6.056	-0.0043402	19.755
0.047962	-6.495	-0.007535	19.873
-0.016343	-6.9375	0.0031346	20.056
-0.065533	-7.3691	-0.011092	20.235
-0.10057	-7.7697	-0.0021701	20.444
-0.14773	-8.1716	-0.0087406	20.759
-0.20851	-8.5725	-0.011333	21.089
-0.2726	-8.9359	-0.0053047	21.461
-0.32549	-9.3076	-0.019772	21.873
-0.35882	-9.6873	-0.0072336	22.342
-0.38211	-10.011	-0.01284	22.772
-0.40924	-10.327	-0.0026523	23.156
-0.44096	-10.658	-0.015613	23.629
-0.46976	-10.978	-0.015432	24.021
-0.50212	-11.286	-0.0092229	24.482
-0.5457	-11.575	-0.01935	24.956
-0.58891	-11.873	-0.011875	25.368
-0.63538	-12.18	-0.0082584	25.787
-0.67755	-12.466	-0.0010248	26.285
-0.70438	-12.712	-0.0077762	26.67
-0.74165	-12.982	-0.0074748	27.132
-0.76758	-13.282	-0.020013	27.583
-0.79574	-13.603	0.0024715	28.111
-0.82095	-13.863	-0.028211	28.554
-0.82657	-13.867	0.0033757	28.683
-0.82657	-13.369	-0.0058472	28.406
-0.77563	-10.365	-0.010368	26.606
-0.76834	-8.7748	-0.016396	25.609
-0.76844	-8.7056	-0.023208	25.45
-0.77134	-8.6849	-0.014226	25.484
-0.76065	-7.4207	-0.019591	24.717
-0.7485	-6.3147	0.01513	23.714
-0.74013	-5.5294	0.0010248	22.926
-0.72708	-4.816	-0.016095	22.229
-0.71718	-4.1915	-0.001929	21.489
-0.71215	-3.6636	-0.016878	20.93
-0.70315	-3.2429	-0.00645	20.409
-0.69808	-2.8222	-0.003436	20.108
-0.69214	-2.5828	-0.017361	19.85
-0.68498	-2.3739	-0.013503	19.701
-0.6786	-2.0621	-0.028754	19.545
-0.66871	-1.3445	-0.008379	18.393
-0.66091	-0.90319	-0.014407	17.542
-0.64674	-0.4967	-0.019109	16.674
-0.61902	0.036618	-0.012056	15.651
-0.57587	0.72771	-0.009464	14.319
-0.53757	1.2753	0.0081378	13.145
-0.49214	1.745	0.0046416	12.214
-0.46694	2.144	-0.0055458	11.355
-0.43828	2.4667	0.0003014	10.614
-0.40825	2.6905	-0.015914	10.097
-0.39044	2.9363	-0.0070528	9.6733
-0.37041	3.1548	-0.0072336	9.2727
-0.32825	3.3521	-0.01718	9.0388
-0.29747	3.5227	-0.0084392	8.8072
-0.25921	3.7302	0.0095846	8.8155
-0.19461	3.9202	-0.0022304	8.6714
-0.13888	4.109	0.0021098	8.7088
-0.095562	4.2784	0.01513	8.7452
-0.056375	4.4492	-0.013985	8.8446
-0.0077488	4.6441	-0.011393	8.9801
0.047338	4.8354	-0.028935	9.0677
0.10013	5.0353	-0.010609	9.2986
0.15488	5.2367	-0.001507	9.5432
0.19135	5.47	-0.011634	9.8217
0.22214	5.6692	-0.0010248	10.038
0.24835	5.8732	-0.018144	10.342
0.28723	6.0925	-0.0068117	10.696
0.3234	6.3253	0	11.062
0.36476	6.5658	-0.0031346	11.418
0.40085	6.7963	0.00096448	11.758
0.4315	7.0478	-0.016215	12.179
0.46549	7.317	-0.013985	12.607
0.49568	7.5759	-0.017421	13.029
0.53008	7.8079	0.0047621	13.39
0.57009	8.0857	0.0065103	13.913
0.60161	8.3455	-0.024112	14.33
0.62295	8.6123	-0.016155	14.808
0.65227	8.8428	-0.017843	15.222
0.69269	9.1174	-0.0051238	15.688
0.76063	9.3964	-0.0027126	16.113
0.78831	9.6601	-0.014769	16.64
0.80443	9.9238	-0.030924	17.111
0.83468	10.187	-0.01067	17.624
0.85763	10.478	0.00054252	18.058
0.90072	10.734	-0.017662	18.611
0.94763	11.009	-0.018627	19.108
1.0017	11.292	0.004521	19.633
1.0447	11.584	-0.0031949	20.099
1.0939	11.861	-0.019591	20.667
1.1478	12.166	-0.028452	21.225
1.2083	12.445	-0.014045	21.754
1.2761	12.75	-0.0045813	22.253
1.3375	13.061	-0.022002	22.794
1.3678	13.309	0.00066308	23.308
1.4096	13.594	-0.013503	23.834
1.4321	13.832	-0.022906	24.315
1.4342	13.702	-0.0069925	24.162
1.4134	12.551	-0.014467	23.532
1.3763	10.173	-0.01929	22.195
1.3667	9.8172	-0.012779	21.922
1.3704	9.7947	-0.015251	21.897
1.3701	9.8	-0.0058472	21.843
1.3701	9.3451	-0.012357	21.611
1.3421	7.8281	-0.009464	20.661
1.3107	5.901	-0.015191	19.201
1.278	4.7162	-0.013744	18.088
1.2241	3.8245	-0.018325	17.072
1.1861	3.1304	-0.0091626	16.382
1.1502	2.5737	-0.0084995	15.676
1.1145	2.2186	-0.0068117	15.448
1.0756	1.9714	-0.003436	15.299
1.0688	1.827	-0.012779	15.271
1.0645	1.8278	-0.0057869	15.2
1.0487	1.5159	-0.011634	14.757
1.0313	1.2831	-0.0096448	14.092
1.022	1.0645	-0.024353	13.532
1.0023	0.87273	-0.016878	12.963
0.99314	0.70448	0.0040991	12.504
0.98871	0.60935	-0.0072939	12.022
0.96164	0.3633	-0.023449	11.58
0.91454	0.0089124	-0.0066911	10.587
0.85827	-0.31804	-0.0044005	9.6646
0.83194	-0.57405	-0.029899	9.0089
0.80586	-0.79463	-0.0028935	8.4793
0.78638	-1.0201	-0.0036771	8.0455
0.75516	-1.1775	-0.017602	7.5963
0.68439	-1.3092	-0.012538	7.1942
0.64237	-1.4408	-0.0027126	6.991
0.6149	-1.5823	-0.019109	6.6974
0.59348	-1.6906	-0.0096448	6.523
0.55059	-1.7964	-0.0074748	6.3443
0.51531	-1.8871	-0.013081	6.1973
0.49136	-2.0031	-0.011393	6.1047
0.45358	-2.1162	-0.0086804	6.0312
0.42611	-2.2162	-0.0068117	5.9837
0.38867	-2.3059	-0.014769	5.9837
0.35882	-2.4148	0.0016276	6.0057
0.32485	-2.5363	-0.0078967	6.0028
0.28127	-2.6097	-0.001507	5.9768
0.2533	-2.7269	-0.014528	6.0745
0.22041	-2.855	-0.014467	6.1714
0.18555	-2.9813	-0.011634	6.193
0.16635	-3.0735	-0.012599	6.3757
0.12308	-3.1829	-0.0017481	6.4819
0.06978	-3.3405	-0.01929	6.67
0.017873	-3.4734	-0.0030743	6.8444
-0.03327	-3.6096	-0.007535	7.0025
-0.083889	-3.769	0.0055458	7.2637
-0.12873	-3.9558	-0.0035565	7.4295
-0.18865	-4.1234	-0.0058472	7.7072
-0.24498	-4.3011	-0.01501	7.985
-0.30973	-4.4853	-0.0039182	8.3086
-0.34918	-4.6917	-0.016457	8.5759
-0.3739	-4.9191	-0.0048224	8.9282
-0.41099	-5.1095	-0.0072336	9.3051
-0.4371	-5.3469	-0.025137	9.5753
-0.46527	-5.556	0.004521	9.9813
-0.4948	-5.8083	-0.012538	10.334
-0.54616	-6.0194	-0.0017481	10.777
-0.58738	-6.2611	-0.0077159	11.221
-0.63488	-6.4988	-0.013985	11.6
-0.67041	-6.725	-0.011333	11.998
-0.70796	-6.9533	-0.0258	12.394
-0.74341	-7.1959	0.0026523	12.838
-0.76951	-7.4607	-0.010308	13.262
-0.79596	-7.7176	-0.0069925	13.72
-0.819	-7.9561	-0.016698	14.112
-0.84962	-8.1964	-0.019049	14.486
-0.88802	-8.468	-0.0050033	14.933
-0.93536	-8.7269	-0.012297	15.442
-0.97303	-8.997	-0.014045	15.845
-1.0066	-9.2435	-0.0084995	16.317
-1.0448	-9.5316	-0.0024715	16.818
-1.0639	-9.792	-0.010911	17.273
-1.1029	-10.084	0.0013864	17.784
-1.1325	-10.305	0.0024112	18.261
-1.1801	-10.585	-0.0096448	18.689
-1.2282	-10.855	-0.016939	19.183
-1.281	-11.091	-0.007957	19.654
-1.3347	-11.367	-0.029477	20.138
-1.3856	-11.633	-0.0027126	20.616
-1.4318	-11.902	-0.0044005	21.101
-1.4754	-12.169	-0.0086804	21.542
-1.5188	-12.438	0.0045813	22.077
-1.5533	-12.73	-0.00024112	22.64
-1.5944	-12.962	-0.010911	23.068
-1.6257	-13.266	-0.010911	23.623
-1.6645	-13.541	-0.010308	24.113
-1.6874	-13.808	-0.0080173	24.651
-1.7006	-13.855	-0.0012056	24.788
-1.6971	-13.441	-0.0099462	24.521
-1.6574	-11.031	-0.0036771	23.006
-1.6411	-9.4308	0.00078364	21.833
-1.643	-9.3789	-0.018868	21.715
-1.6422	-9.3678	0.0040991	21.613
-1.6289	-8.4884	-0.013985	21.045
-1.6075	-6.767	0	19.461
-1.5911	-5.9436	-0.015492	18.536
-1.5879	-5.2944	-0.021279	17.759
-1.5792	-4.7797	-0.012116	17.116
-1.5707	-4.2953	-0.0036771	16.524
-1.5632	-3.8754	-0.0092229	15.971
-1.5517	-3.5004	-0.010911	15.498
-1.5421	-3.1465	-0.0065103	15.115
-1.5389	-2.8952	-0.006028	14.695
-1.5362	-2.6228	0.0028935	14.331
-1.518	-2.031	-0.017662	13.347
-1.4832	-1.3489	-0.0077762	11.748
-1.4309	-0.78516	-0.016457	10.293
-1.4021	-0.34283	-0.009464	9.0133
-1.3723	-0.058511	-0.012538	8.1183
-1.3388	0.17418	-0.007957	7.2306
-1.2896	0.41812	-0.0072336	6.2272
-1.2321	0.6593	-0.0019892	5.3312
-1.1807	0.82177	-0.019591	4.5238
-1.1381	0.9249	-0.0091626	3.8915
-1.0973	1.0214	-0.0014467	3.3972
-1.0574	1.1097	-0.0074145	2.9318
-1.0239	1.1677	-0.0036771	2.5614
-0.98815	1.2092	-0.0048827	2.3135
-0.96023	1.2593	-0.011815	2.0772
-0.92183	1.3034	0.00024112	1.8754
-0.8728	1.3292	0.00066308	1.754
-0.83657	1.3646	-0.007535	1.6117
-0.80453	1.4056	-0.0058472	1.4964
-0.78157	1.4598	-0.0089215	1.4517
-0.7616	1.465	-0.01284	1.3883
-0.73046	1.4998	-0.0082584	1.3029
-0.69689	1.5306	-0.020073	1.313
-0.67821	1.5839	-0.0058472	1.2774
-0.64279	1.6045	-0.015191	1.3004
-0.59785	1.6422	-0.0036168	1.3491
-0.54037	1.698	-0.0036168	1.3476
-0.49649	1.7537	-0.013744	1.3739
-0.46664	1.8071	-0.015492	1.3649
-0.44144	1.8717	0.00024112	1.4741
-0.41139	1.8996	-0.027789	1.4442
-0.38805	1.9672	-0.0077762	1.5483
-0.35158	2.0303	-0.013503	1.6142
-0.31599	2.0786	-0.0072336	1.7065
-0.27823	2.1397	-0.01284	1.7713
-0.24396	2.2132	-0.018868	1.8423
-0.17768	2.2722	-0.015673	1.914
-0.12084	2.3375	-0.012538	2.0512
-0.078334	2.415	-0.014889	2.1791
-0.035846	2.4986	-0.016698	2.2498
0.0085137	2.5588	0.0009042	2.3852
0.056416	2.6412	0.0013864	2.4922
0.10907	2.7242	-0.01513	2.6335
0.15206	2.8119	-0.028693	2.7617
0.19193	2.8806	-0.0051238	2.9155
0.21518	3.0068	-0.0056061	3.145
0.25521	3.1036	-0.015191	3.2618
0.2916	3.2422	0.0014467	3.4794
0.32813	3.3247	-0.014045	3.612
0.37048	3.4332	-0.0048224	3.795
0.40125	3.5456	-0.0077159	4.0223
0.43029	3.6999	-0.01929	4.2313
0.45994	3.7954	-0.0057869	4.4017
0.49341	3.9305	-0.0053047	4.5876
0.53006	4.0269	0.0033757	4.7256
0.57619	4.1879	-0.0089215	5.0095
0.60534	4.3436	-0.0065103	5.3427
0.62586	4.4765	-0.0062691	5.5686
0.6625	4.6512	-0.013262	5.8439
0.70613	4.8204	-0.00072336	6.1278
0.76063	4.9872	-0.007535	6.4189
0.78833	5.1363	-0.016637	6.6542
0.81117	5.3065	-0.0087406	6.9597
0.83162	5.4703	-0.014226	7.2248
0.86294	5.6551	-0.022002	7.5732
0.90909	5.8159	-0.0067514	7.7998
0.96641	5.9903	-0.014467	8.1266
1.0113	6.1933	0.0062691	8.4235
1.0555	6.3633	-0.0069925	8.7755
1.1135	6.5623	-0.0050635	9.13
1.1776	6.7578	0.012297	9.4564
1.2342	6.9821	-0.0077762	9.8563
1.3051	7.1735	-0.014528	10.202
1.3451	7.3952	0.00096448	10.5
1.3814	7.5996	-0.018325	10.932
1.4213	7.8214	0.0089215	11.308
1.4482	8.026	-0.021279	11.665
1.4685	8.2397	0.00096448	12.068
1.4975	8.4856	-0.009464	12.424
1.5185	8.7249	-0.0086804	12.845
1.5589	8.9886	0.0025921	13.381
1.5819	9.2072	0.0057869	13.779
1.613	9.4636	-0.0096448	14.276
1.673	9.7617	-0.010428	14.673
1.7363	10.008	-0.024172	15.193
1.7938	10.254	-0.024112	15.651
1.8293	10.516	-0.0072336	16.116
1.8683	10.805	-0.031346	16.604
1.8956	11.056	-0.0010248	17.023
1.9478	11.321	-0.0092229	17.521
1.9906	11.583	0.0069925	17.996
2.0335	11.898	-0.0044005	18.522
2.0651	12.178	-0.0078967	19.097
2.1015	12.435	-0.016396	19.547
2.1261	12.724	-0.0072336	20.088
2.1482	13.027	-0.0031949	20.629
2.1798	13.306	-0.0016276	21.141
2.2052	13.594	-0.0074748	21.644
2.2235	13.798	-0.00048224	22.109
2.223	13.607	-0.01718	21.856
2.2186	12.872	0.0074748	21.484
2.1802	10.8	-0.017542	20.234
2.1788	10.685	-0.013985	20.17
2.1794	10.659	-0.016878	20.078
2.1669	10.134	-0.014769	19.772
2.1501	8.0941	-0.007535	18.141
2.1234	6.6194	-0.013442	16.667
2.1024	5.5277	-0.016939	15.348
2.0741	4.6553	-0.0068117	14.074
2.0524	4.0528	-0.014708	13.086
2.033	3.5436	-0.0072939	12.362
2.0091	3.0923	-0.010368	11.698
1.9858	2.7325	-0.0080173	11.141
1.9619	2.4912	-0.010609	10.826
1.9504	2.2957	0.0037977	10.594
1.9341	2.1367	-0.018988	10.494
1.9207	2.0302	-0.017843	10.485
1.9095	1.9003	-0.015191	10.247
1.8851	1.6025	-0.017361	9.3159
1.8692	1.3822	-0.0029537	8.5867
1.86	1.1985	-0.027729	7.9699
1.8446	1.0717	-0.017361	7.3369
1.8338	0.92314	-0.022424	6.848
1.807	0.73332	-0.012779	6.2002
1.7749	0.56373	-0.011333	5.4321
1.7326	0.42312	-0.020556	4.7497
1.6806	0.28415	0.0074145	4.1654
1.6369	0.22304	-0.010911	3.7067
1.6158	0.1762	-0.0089818	3.4607
1.6039	0.13981	-0.0070528	3.2456
1.5714	0.054965	-0.0003014	2.6835
1.5403	-0.0042173	-0.0031346	2.1863
1.5112	-0.070545	-0.0026523	1.7875
1.4943	-0.10662	-0.013021	1.5119
1.4608	-0.15134	-0.016878	1.3091
1.4338	-0.21212	0.00042196	1.0497
1.39	-0.23437	-0.0051238	0.89943
1.3572	-0.26576	-0.014226	0.79279
1.3121	-0.28676	-0.003436	0.69624
1.2618	-0.34098	-0.038399	0.54672
1.1824	-0.3551	-0.0096448	0.45989
1.1104	-0.3724	-0.015733	0.37919
1.0482	-0.3944	-0.027789	0.32299
1.007	-0.42097	-0.011333	0.29849
0.96625	-0.45321	0.0013864	0.2884
0.90464	-0.44234	-0.013684	0.24517
0.85338	-0.46656	0.00096448	0.2394
0.82391	-0.5024	-0.011634	0.20374
0.80942	-0.52408	-0.0027126	0.20049
0.7813	-0.53074	-0.0084995	0.16339
0.752	-0.56982	-0.0096448	0.24805
0.67811	-0.59325	-0.0082584	0.21779
0.638	-0.63692	-0.015673	0.22247
0.6117	-0.64928	-0.013503	0.24985
0.58682	-0.68161	0.0016276	0.20374
0.54085	-0.71589	-0.014528	0.30462
0.51088	-0.75447	-0.02797	0.29453
0.4761	-0.78261	-0.012538	0.32875
0.44044	-0.81427	0.010308	0.41414
0.41314	-0.86981	-0.018868	0.39252
0.37863	-0.90799	-0.019832	0.52799
0.3526	-0.9401	-0.0068117	0.5651
0.30639	-0.97393	-0.0030743	0.5914
0.26992	-1.0452	-0.0016878	0.66345
0.24233	-1.0813	-0.0010248	0.78703
0.20729	-1.1171	-0.001929	0.83783
0.17911	-1.1654	-0.013744	0.90988
0.13708	-1.2449	-0.031165	1.0118
0.086707	-1.3202	0.0093434	1.1008
0.031861	-1.3547	-0.0041593	1.1862
-0.026749	-1.4115	-0.0010248	1.3638
-0.075677	-1.5094	0.0003014	1.4525
-0.11593	-1.5791	-0.018868	1.5378
-0.16585	-1.6496	0.0024112	1.6387
-0.22148	-1.7188	0.016818	1.8106
-0.28775	-1.8327	-0.014045	1.936
-0.33427	-1.9165	-0.0026523	2.1305
-0.36673	-2.0072	-0.014467	2.2353
-0.40087	-2.1133	-0.0068117	2.4
-0.42301	-2.229	-0.0086804	2.5441
-0.46211	-2.3353	0.0025921	2.7408
-0.4853	-2.4325	-0.0045813	2.9184
-0.54457	-2.5281	-0.0044005	3.1101
-0.58869	-2.6518	-0.01929	3.2701
-0.63601	-2.7514	-0.018084	3.416
-0.6787	-2.8593	-0.01085	3.6365
-0.7112	-2.9551	0.0021701	3.8512
-0.74367	-3.092	0.0042799	3.9762
-0.77488	-3.1938	-0.0026523	4.1877
-0.79324	-3.3492	-0.0039182	4.3887
-0.82047	-3.47	0.0045813	4.5512
-0.85879	-3.5991	-0.020736	4.8643
-0.90243	-3.746	-0.0082584	5.115
-0.95226	-3.9061	-0.0099462	5.3366
-0.99509	-4.0642	-0.010428	5.698
-1.0128	-4.2232	-0.021038	5.9523
-1.0483	-4.4208	-0.011634	6.2665
-1.0883	-4.5872	-0.034902	6.5933
-1.124	-4.7483	-0.01718	6.9208
-1.1661	-4.9233	0.0041593	7.1362
-1.2117	-5.116	-0.0072336	7.4176
-1.2708	-5.2901	-0.015914	7.7537
-1.3137	-5.464	-0.022243	8.0967
-1.3657	-5.6129	-0.0070528	8.4437
-1.4183	-5.854	-0.007535	8.6573
-1.4576	-6.0207	-0.024775	8.9873
-1.4983	-6.1957	0.0011453	9.4254
-1.5363	-6.3913	-0.0038579	9.6733
-1.574	-6.62	-0.003436	10.019
-1.6027	-6.7857	-0.01067	10.397
-1.6382	-6.9783	-0.012599	10.801
-1.6755	-7.2156	-0.012056	11.082
-1.7048	-7.4664	-0.0068117	11.476
-1.7362	-7.6639	-0.0092229	11.929
-1.7654	-7.8868	-0.018385	12.397
-1.7995	-8.124	-0.024594	12.845
-1.8683	-8.3489	-0.0068117	13.226
-1.9342	-8.6165	-0.01495	13.635
-1.9973	-8.8436	0.0026523	14.104
-2.0588	-9.1227	-0.0053649	14.569
-2.1037	-9.3751	-0.0072336	15.036
-2.141	-9.6414	0.00096448	15.467
-2.1768	-9.8928	-0.0099462	16.033
-2.2161	-10.16	-0.014769	16.41
-2.2414	-10.434	-0.022002	16.89
-2.2718	-10.689	0.0037977	17.322
-2.3342	-10.942	-0.0012056	17.821
-2.3771	-11.212	-0.012056	18.215
-2.4078	-11.478	0.0050033	18.697
-2.459	-11.767	-0.0058472	19.193
-2.5168	-12.037	-0.01067	19.774
-2.5608	-12.267	-0.0081378	20.148
-2.586	-12.55	-0.014467	20.657
-2.6198	-12.822	0.00066308	21.149
-2.6507	-13.094	-0.014769	21.695
-2.667	-13.395	-0.019109	22.071
-2.6994	-13.656	-0.0077159	22.59
-2.7265	-13.85	-0.011634	22.991
-2.733	-13.732	-0.0072939	22.972
-2.7299	-13.319	0.015733	22.631
-2.7293	-13.223	-0.011996	22.493
-2.7261	-13.168	-0.0036168	22.378
-2.7287	-13.128	-0.013081	22.332
-2.6761	-10.746	-0.01284	20.718
-2.6589	-8.4987	-0.014769	18.716
-2.6372	-6.9297	-0.0046416	17.121
-2.6377	-6.2224	-0.0074748	16.297
-2.6308	-5.5866	-0.0060883	15.558
-2.6225	-5.0803	-0.010609	14.908
-2.6171	-4.597	-0.022424	14.28
-2.6076	-4.158	-0.014407	13.686
-2.6048	-3.743	-0.024414	13.146
-2.5929	-3.3709	-0.0087406	12.564
-2.587	-3.0749	-0.0099462	12.068
-2.5638	-2.579	6.03E-05	11.123
-2.5399	-1.8128	-0.007535	9.317
-2.4837	-1.234	-0.026523	7.7375
-2.4429	-0.77499	-0.014467	6.3832
-2.3913	-0.3823	-0.0031346	5.0513
-2.3573	-0.081483	-0.018627	3.9737
-2.3171	0.10985	0.0053649	3.1695
-2.2711	0.2744	0.004521	2.4285
-2.2308	0.4117	-0.030381	1.8207
-2.2002	0.48976	-0.0053047	1.3563
-2.1614	0.56093	-0.018868	0.92105
-2.1275	0.59951	-0.009886	0.56654
-2.0898	0.64308	-0.0058472	0.28156
-2.0398	0.68054	-0.010609	0.049538
-1.9832	0.69159	0.0033757	-0.18572
-1.9344	0.69926	-0.0057869	-0.30281
-1.8632	0.72541	-0.0077159	-0.41342
-1.7956	0.73576	-0.016155	-0.49088
-1.7584	0.75331	-0.0041593	-0.595
-1.7226	0.75198	-0.024534	-0.61085
-1.6966	0.78799	0.00024112	-0.6512
-1.6726	0.78494	-0.0066911	-0.67174
-1.639	0.80232	0.0013864	-0.70272
-1.6016	0.80879	-0.0095846	-0.72866
-1.5758	0.83135	0.004521	-0.73731
-1.5388	0.86045	0.0023509	-0.73046
-1.4998	0.86096	-0.007957	-0.76469
-1.4559	0.87553	-0.012779	-0.76793
-1.4022	0.89805	-0.0094037	-0.76901
-1.3577	0.90637	-0.017903	-0.76073
-1.3025	0.92051	-0.013744	-0.7791
-1.2442	0.92275	0.0040388	-0.81405
-1.1893	0.94925	-0.0084995	-0.80108
-1.1381	0.96146	-0.017903	-0.74019
-1.0975	0.96457	0.024835	-0.74884
-1.06	0.98905	-0.0024112	-0.78487
-1.0253	1.0208	0.0051238	-0.74884
-0.99686	1.0313	-0.012779	-0.70777
-0.95933	1.0412	-0.01718	-0.68291
-0.9136	1.0605	-0.028513	-0.67426
-0.86668	1.0924	-0.0062691	-0.64256
-0.83068	1.0974	-0.0053047	-0.66994
-0.80638	1.0977	-0.0089215	-0.66669
-0.78205	1.1193	0.00024112	-0.63355
-0.76041	1.1615	-0.0080173	-0.61337
-0.72555	1.1785	-0.013081	-0.57482
-0.69043	1.1864	-0.0086201	-0.55717
-0.6696	1.2081	-0.0044005	-0.5388
-0.63981	1.2449	-0.017662	-0.50421
-0.58797	1.2752	-0.0087406	-0.45089
-0.53755	1.2764	-0.01085	-0.45521
-0.49375	1.2843	0.017843	-0.40333
-0.46503	1.3247	-0.0065103	-0.41738
-0.43798	1.3564	-0.011875	-0.40045
-0.41262	1.3666	-0.028513	-0.3601
-0.38501	1.392	0.0028935	-0.31434
-0.35697	1.4331	0.0017481	-0.33308
-0.32052	1.4644	-0.010368	-0.22716
-0.28816	1.481	-0.017843	-0.19401
-0.24579	1.5139	-0.0027126	-0.1814
-0.18364	1.5554	-0.012357	-0.11043
-0.12972	1.5796	-0.0019892	-0.083404
-0.085439	1.609	0.0012056	0.032245
-0.046875	1.6502	-0.017903	0.060707
0.00094596	1.6991	-0.012779	0.12267
0.059334	1.7241	-0.0082584	0.20013
0.11263	1.7782	-0.0029537	0.31903
0.15472	1.8382	-0.011815	0.38496
0.19867	1.8782	-0.013081	0.48439
0.23047	1.9467	-0.018566	0.5406
0.26406	1.9869	-0.0067514	0.55357
0.29367	2.0152	-0.0043402	0.69804
0.33274	2.0651	-0.0044005	0.78883
0.36504	2.1401	-0.00078364	0.89259
0.39964	2.1924	-0.0080173	0.92862
0.42862	2.2468	-0.014045	1.0554
0.45734	2.3127	-0.0092229	1.1315
0.48779	2.3839	-0.024112	1.2813
0.52449	2.447	-0.011333	1.3678
0.56339	2.4941	-6.03E-05	1.4496
0.59535	2.5993	-0.011634	1.5987
0.62866	2.6636	-0.011092	1.7209
0.65509	2.7392	0.0074748	1.8318
0.70533	2.8127	-0.0084392	1.9976
0.76021	2.9159	-0.013744	2.0894
0.79171	2.9972	-0.0084995	2.2458
0.80699	3.0617	-0.0050635	2.3578
0.83446	3.1415	-0.0086201	2.5549
0.85837	3.2531	-0.016457	2.6144
0.90529	3.3287	-0.016878	2.7977
0.95828	3.4018	-0.0065705	2.9231
1.0035	3.4893	-0.021761	3.0625
1.06	3.6058	-0.012599	3.26
1.1176	3.7038	-0.0060883	3.3655
1.1686	3.7923	-0.011333	3.5745
1.2259	3.8836	-0.0086804	3.7417
1.2993	4.0035	0.0047621	3.8984
1.3466	4.1006	-0.0040991	4.0818
1.3767	4.2029	0.0009042	4.2313
1.4071	4.3131	-0.016878	4.4604
1.4425	4.4321	-0.0062691	4.6049
1.4648	4.5425	-0.00048224	4.8322
1.4973	4.6533	-0.001929	5.047
1.5207	4.7489	-0.0048224	5.2037
1.5505	4.9096	0.0036168	5.3928
1.5838	5.0298	-0.017903	5.7073
1.6168	5.1476	-0.00072336	5.8687
1.667	5.3031	-0.0084995	6.0835
1.7272	5.4375	-0.014407	6.3789
1.786	5.6126	-0.027729	6.6469
1.827	5.7516	-0.010368	6.9161
1.8677	5.9263	0.0023509	7.1596
1.8955	6.0972	-0.0099462	7.4569
1.9449	6.2541	0.0053047	7.7231
1.9908	6.4208	-6.03E-05	8.0301
2.0229	6.5786	-0.0046416	8.3529
2.0659	6.778	-0.019109	8.631
2.1	6.9208	0.0027126	8.9542
2.1301	7.1176	-0.0023509	9.2669
2.1547	7.306	-0.012357	9.611
2.1789	7.4716	-0.021279	9.9107
2.2112	7.6552	-0.011333	10.262
2.2299	7.8425	-0.021641	10.545
2.2475	8.0626	-0.0029537	10.926
2.2888	8.2607	-0.017421	11.322
2.3189	8.4594	-0.016457	11.685
2.3669	8.7002	0.014407	12.079
2.4173	8.9505	-0.014467	12.495
2.4546	9.1889	-0.0068117	12.913
2.498	9.4347	-0.014528	13.369
2.5528	9.6798	0.0033757	13.822
2.6043	9.9228	-0.0096448	14.25
2.6917	10.142	-0.010609	14.667
2.7466	10.392	-0.018868	15.126
2.7848	10.684	-0.009886	15.619
2.8277	10.927	-0.019591	16.029
2.8665	11.185	-0.023389	16.483
2.8973	11.446	-0.003436	16.964
2.9439	11.725	-0.014045	17.397
2.9756	11.999	-0.0019892	17.928
3.0094	12.25	-0.0077159	18.399
3.0522	12.525	-0.014045	18.859
3.0948	12.811	-0.028935	19.383
3.1365	13.052	-0.007535	19.853
3.1741	13.361	-0.01718	20.338
3.209	13.646	-0.028513	20.893
3.2468	13.884	-0.0038579	21.339
3.2424	13.75	-0.0036168	21.183
3.2439	13.395	-0.0082584	20.86
3.2461	13.264	-0.018144	20.755
3.2464	13.221	0.0024112	20.569
3.2131	12.359	-0.013262	20.243
3.1788	10.069	0.0091626	18.74
3.1557	8.1513	-0.0044005	17.062
3.1177	6.7807	-0.012779	15.557
3.0783	5.717	-0.0065705	14.232
3.0404	4.8352	-0.0068117	12.901
3.0053	4.1568	-0.0038579	11.829
2.9851	3.7433	-0.0010248	11.094
2.9669	3.3309	-0.0094037	10.335
2.9408	3.0177	-0.0082584	9.7122
2.917	2.7708	-0.01085	9.1671
2.8988	2.5723	-0.0038579	8.791
2.8762	2.4117	-0.0024112	8.4512
2.8569	2.2486	-0.0048224	8.1082
2.8459	2.1497	0.0033757	7.9548
2.8186	1.8886	-0.0069925	7.3686
2.7916	1.6342	-0.00072336	6.5576
2.769	1.3915	-0.0063294	5.7635
2.7509	1.2205	-0.0086804	5.1147
2.7239	1.0446	-0.01067	4.4103
2.6944	0.91085	-0.0086804	3.7273
2.656	0.78768	-0.017903	3.1634
2.6109	0.71263	-0.015492	2.7113
2.5888	0.6714	-0.018868	2.3351
2.5806	0.72357	-0.0080173	2.2083
2.5356	0.57855	-0.0097051	1.7472
2.4835	0.48335	-0.0010248	1.299
2.4326	0.41477	-0.0021701	0.85044
2.3778	0.35953	-0.01067	0.43576
2.3294	0.30877	-0.010127	0.17636
2.2931	0.24952	-0.020917	0.053862
2.2652	0.22348	-0.012719	-0.1324
2.2259	0.18823	-0.020556	-0.32947
2.2102	0.17787	-0.018566	-0.49124
2.1934	0.14358	-0.0094037	-0.5143
2.1584	0.11853	-0.013563	-0.55933
2.1337	0.11283	-0.0016878	-0.644
2.1079	0.086945	0.0033757	-0.71137
2.0838	0.070352	-0.0089818	-0.79099
2.0517	0.064346	-0.020254	-0.80072
2.0187	0.069344	-0.009886	-0.85008
1.9766	0.048893	0.0081981	-0.84863
1.9422	0.030064	-0.0067514	-0.87313
1.9137	0.016299	-0.0010248	-0.82269
1.8703	0.016102	-0.019832	-0.84107
1.8405	-0.017457	-0.0041593	-0.86124
1.7908	-0.038894	0.006028	-0.82702
1.7396	-0.031616	0.0037977	-0.85116
1.6696	-0.054281	-0.011393	-0.87025
1.6173	-0.066139	-0.013322	-0.88286
1.583	-0.09185	0.0014467	-0.85728
1.5484	-0.12129	0.016396	-0.85872
1.5292	-0.10445	-0.010187	-0.86305
1.4964	-0.12556	-0.011333	-0.8054
1.4696	-0.13646	-0.010187	-0.86773
1.4536	-0.176	-0.0031949	-0.82233
1.4046	-0.144	-0.0086804	-0.82269
1.3725	-0.16364	-0.014467	-0.79531
1.3417	-0.19079	-0.0010248	-0.80972
1.2934	-0.21868	-0.014407	-0.83242
1.2159	-0.20263	0.0028332	-0.81225
1.141	-0.23007	0.013684	-0.80684
1.0769	-0.23507	0.0031346	-0.79243
1.0283	-0.25541	-0.0096448	-0.80576
0.98813	-0.2477	0.00066308	-0.78631
0.93693	-0.26769	-0.0016878	-0.78487
0.87962	-0.28189	-0.01501	-0.76181
0.83689	-0.29066	-0.0056061	-0.76217
0.81135	-0.30057	-0.025619	-0.72146
0.78944	-0.32619	-0.011574	-0.71857
0.76746	-0.34206	-0.020254	-0.69696
0.70364	-0.36398	0.0026523	-0.72902
0.65364	-0.36468	0.0058472	-0.70993
0.6256	-0.40047	-0.0057869	-0.72902
0.59994	-0.40815	-0.0010248	-0.68147
0.5678	-0.43859	-0.012357	-0.64364
0.52577	-0.44981	-0.013021	-0.64508
0.49407	-0.45665	-0.007535	-0.62382
0.45463	-0.49883	0.0045813	-0.56474
0.43053	-0.51654	-0.022485	-0.48944
0.39674	-0.52555	-0.015974	-0.5143
0.36573	-0.54413	0.0057869	-0.53411
0.32829	-0.60165	-0.011634	-0.43323
0.30029	-0.59615	-0.016215	-0.44044
0.2609	-0.61945	0.0062691	-0.44368
0.23073	-0.6283	-0.0053649	-0.39468
0.20199	-0.66758	-0.020013	-0.32839
0.1647	-0.68946	-0.0039182	-0.28912
0.12052	-0.71589	-0.0057869	-0.27039
0.071712	-0.73696	0.0091626	-0.27651
0.011412	-0.78763	-0.0048224	-0.23328
-0.048083	-0.81707	-0.001507	-0.093492
-0.08888	-0.84267	-0.021942	-0.10646
-0.13235	-0.86698	-0.037133	-0.072956
-0.19523	-0.92474	-0.011393	0.036208
-0.26175	-0.97156	-0.021038	0.095654
-0.31368	-1.0082	-0.00078364	0.17636
-0.35514	-1.0323	-0.0003014	0.20085
-0.37857	-1.1016	-0.012779	0.30029
-0.40916	-1.1416	-0.024172	0.3882
-0.45235	-1.1851	-0.0033757	0.43864
-0.47049	-1.2335	0.0037977	0.48908
-0.51756	-1.29	-0.0017481	0.57951
-0.56589	-1.3231	-0.019953	0.65769
-0.61685	-1.3274	-0.0053047	0.68795
-0.66493	-1.3918	-0.028935	0.74812
-0.69383	-1.4701	0.0048224	0.80036
-0.73103	-1.4986	-0.017662	0.94123
-0.75508	-1.5595	-0.007957	0.99311
-0.78173	-1.5892	-0.0062691	1.0958
-0.80485	-1.6656	-0.0097051	1.1556
-0.83929	-1.7217	-0.019531	1.2741
-0.88381	-1.7757	-0.025378	1.3206
-0.92602	-1.8433	-0.0017481	1.4935
-0.96691	-1.9143	-0.020254	1.5076
-0.99918	-1.9816	-0.0063294	1.6503
-1.0353	-2.0325	-0.010368	1.7468
-1.0608	-2.0999	-0.025619	1.838
-1.1021	-2.1804	-0.013081	1.9068
-1.1279	-2.2375	-0.0003014	2.0239
-1.1839	-2.295	-0.0053047	2.0797
-1.2391	-2.3655	-0.027247	2.2051
-1.297	-2.4348	-6.03E-05	2.3539
-1.352	-2.5094	-0.0022304	2.4317
-1.3959	-2.6019	-0.0072939	2.5672
-1.4373	-2.6566	-0.0062089	2.7084
-1.4755	-2.7246	-0.0016878	2.8348
-1.5177	-2.8166	0.0051238	2.9573
-1.5564	-2.9061	-0.012297	3.0395
-1.5882	-2.9684	0.020978	3.1825
-1.6183	-3.0612	-0.019049	3.4016
-1.663	-3.135	-0.0089215	3.483
-1.6929	-3.265	-0.00024112	3.613
-1.7165	-3.3065	-0.0036771	3.8188
-1.7497	-3.4249	-0.015914	3.9867
-1.7826	-3.5423	-0.018566	4.1679
-1.8428	-3.6419	-0.042678	4.2878
-1.9114	-3.7414	-0.006028	4.517
-1.9712	-3.8775	-0.0094037	4.7058
-2.0413	-3.9991	0.0098257	4.9446
-2.0859	-4.1013	-0.017602	5.1075
-2.1289	-4.2296	-0.018566	5.3182
-2.1681	-4.3484	-0.003436	5.5758
-2.2061	-4.5165	-0.015251	5.7545
-2.2404	-4.5158	-0.025077	5.7592
-2.2665	-4.6592	-0.0021701	6.0057
-2.3299	-4.8015	-0.0097051	6.3025
-2.3669	-4.9984	-0.010308	6.5803
-2.4012	-5.1351	-0.01284	6.8051
-2.4452	-5.2869	0.0059677	7.1672
-2.4991	-5.487	-0.0038579	7.4781
-2.5487	-5.6914	-0.026282	7.8186
-2.5786	-5.8938	-0.016878	8.1569
-2.622	-6.0667	-0.007957	8.5017
-2.6406	-6.213	-0.01929	8.7636
-2.661	-6.4194	-0.0017481	9.1271
-2.6951	-6.6033	-0.022424	9.4434
-2.7314	-6.7799	-0.012779	9.8502
-2.7675	-6.9861	-0.0017481	10.134
-2.8013	-7.2235	-0.028935	10.574
-2.8348	-7.4315	0.004521	10.794
-2.8561	-7.6013	-0.0036771	11.206
-2.8753	-7.8007	0.0050033	11.476
-2.8943	-8.0234	0.0017481	11.906
-2.9205	-8.191	0.0030743	12.174
-2.9456	-8.384	-0.01067	12.596
-2.981	-8.5845	-0.024112	12.9
-3.0112	-8.8426	-0.0041593	13.295
-3.0565	-9.0371	0.0024112	13.642
-3.0854	-9.236	-0.0014467	14.01
-3.1215	-9.4806	-0.0058472	14.351
-3.1553	-9.7141	-0.018144	14.752
-3.1953	-9.9469	-0.0067514	15.145
-3.2363	-10.17	-0.0087406	15.59
-3.2819	-10.416	-0.0096448	15.988
-3.3123	-10.697	-0.028693	16.446
-3.3536	-10.927	-0.011574	16.848
-3.3984	-11.156	-0.014708	17.326
-3.4284	-11.421	-0.030924	17.756
-3.4767	-11.686	-0.011031	18.194
-3.5198	-11.94	-0.0053649	18.651
-3.5619	-12.256	0.00024112	19.215
-3.5959	-12.515	-0.0099462	19.668
-3.6262	-12.782	-0.0033757	20.133
-3.666	-13.047	-0.0051238	20.571
-3.7109	-13.343	0.00066308	21.128
-3.7629	-13.674	-0.0012056	21.646
-3.8122	-13.814	0.0091626	21.925
-3.8156	-13.495	-0.0048224	21.789
-3.8165	-13.302	-0.0070528	21.611
-3.8185	-13.196	-0.0096448	21.479
-3.8215	-13.114	-0.008379	21.382
-3.8002	-12.748	-0.0055458	21.185
-3.7181	-10.186	-0.0027126	19.229
-3.6878	-8.3586	-0.0048827	17.597
-3.6753	-7.0351	-0.028151	16.409
-3.6609	-6.0798	-0.0065705	15.362
-3.6455	-5.3502	-0.013021	14.489
-3.6295	-4.774	-0.0098257	13.677
-3.6199	-4.2933	0.0074748	12.985
-3.6097	-3.8994	-0.0078967	12.41
-3.6022	-3.5864	-0.01284	11.846
-3.5945	-3.1578	-0.014286	11.075
-3.5726	-2.5967	-0.018325	9.8372
-3.5502	-2.0959	-0.0036168	8.6368
-3.5332	-1.6511	-0.013804	7.4569
-3.4968	-1.1655	-0.0065103	6.0114
-3.454	-0.80357	-0.016698	4.8783
-3.4105	-0.45584	-0.0053047	3.6909
-3.385	-0.24252	0.0009042	2.8493
-3.3575	-0.068835	-0.0060883	2.1334
-3.3229	0.056609	-0.014045	1.5137
-3.2742	0.19312	-0.0089818	0.99203
-3.2321	0.25625	-0.0065705	0.5496
-3.1872	0.32683	-0.010187	0.19797
-3.1513	0.36552	-0.011152	-0.10358
-3.1174	0.43732	-0.0026523	-0.27039
-3.0863	0.46389	-0.016457	-0.36874
-3.0579	0.49833	-0.0058472	-0.39721
-3.0185	0.5206	-0.001507	-0.40153
-2.9727	0.56996	-0.0086804	-0.47359
-2.9398	0.57612	-0.016155	-0.47214
-2.9137	0.58655	-0.0010248	-0.51538
-2.8956	0.61239	0.0033154	-0.54744
-2.8764	0.65319	-0.0084995	-0.60184
-2.8394	0.64363	0.0047621	-0.59032
-2.815	0.66248	-0.0048224	-0.59788
-2.7807	0.68133	0.0036168	-0.61517
-2.7487	0.71717	-0.017421	-0.63787
-2.7031	0.72701	-0.0089818	-0.68399
-2.6639	0.73885	-0.011875	-0.67102
-2.6419	0.73909	-0.012538	-0.73335
-2.6112	0.75434	-0.012779	-0.7791
-2.5811	0.7662	-0.016155	-0.75604
-2.549	0.77582	-0.0058472	-0.76613
-2.4904	0.77626	-0.024414	-0.79964
-2.4446	0.80438	-0.011152	-0.7982
-2.3953	0.80002	0.019471	-0.81549
-2.3575	0.81344	-0.019772	-0.81837
-2.311	0.81451	0.0021098	-0.83242
-2.2616	0.83126	-0.015191	-0.85116
-2.2283	0.82659	-0.031828	-0.84827
-2.2052	0.84239	-0.0092229	-0.85008
-2.1613	0.85061	-0.0051238	-0.86737
-2.1224	0.85195	-0.012599	-0.86989
-2.0817	0.85993	0.0071734	-0.83422
-2.036	0.85009	-0.013804	-0.85692
-1.9794	0.86764	-0.0021701	-0.85692
-1.9283	0.89278	-0.014708	-0.84611
-1.8531	0.89149	-0.0053649	-0.86557
-1.7818	0.87334	-0.016637	-0.84107
-1.7492	0.88974	-0.009886	-0.87746
-1.7112	0.90105	-0.012478	-0.8861
-1.6891	0.9149	-0.011634	-0.84683
-1.6669	0.90342	-0.012779	-0.88754
-1.6362	0.9275	-0.0082584	-0.86845
-1.6091	0.95129	-0.0099462	-0.84683
-1.5722	0.96093	-0.014769	-0.85404
-1.5476	0.94188	-0.011815	-0.88034
-1.5176	0.96049	-0.019109	-0.84431
-1.4641	0.97573	0	-0.86305
-1.4181	0.98434	-0.0003014	-0.86124
-1.3675	0.99635	0.008379	-0.83386
-1.3234	0.9896	-0.0017481	-0.85548
-1.2622	1.0099	-0.013201	-0.80648
-1.2047	1.0408	-0.020556	-0.79243
-1.1471	1.032	-0.014708	-0.78342
-1.0998	1.0374	-0.0092229	-0.79784
-1.0674	1.0635	-0.011634	-0.75208
-1.0249	1.0725	-0.0084995	-0.74307
-1.0062	1.0602	0.012538	-0.71749
-0.97189	1.085	-0.0099462	-0.72866
-0.93463	1.1138	0.0067514	-0.7002
-0.88003	1.1102	-0.0065705	-0.68255
-0.83223	1.1237	-0.007957	-0.68687
-0.80055	1.137	-0.011574	-0.63967
-0.77965	1.1709	-0.0048224	-0.61337
-0.76017	1.1984	0.012237	-0.6004
-0.73415	1.2004	-0.0072336	-0.58779
-0.70186	1.2128	-0.0089215	-0.59176
-0.66958	1.2511	-0.007957	-0.56762
-0.63271	1.2667	0.0051238	-0.53123
-0.59406	1.2632	-0.013563	-0.50997
-0.52918	1.2966	0.00042196	-0.49232
-0.4817	1.3319	0.0080173	-0.44656
-0.45368	1.3474	0.0078967	-0.49989
-0.43442	1.3523	-0.0048827	-0.42603
-0.40119	1.3794	-0.0053047	-0.35686
-0.38094	1.3971	-0.0065705	-0.3673
-0.34908	1.4332	-0.015251	-0.28768
-0.31398	1.4414	-0.0068117	-0.27687
-0.27018	1.453	-0.001507	-0.25886
-0.21848	1.4924	0.00072336	-0.21707
-0.15498	1.5183	-0.0072336	-0.2113
-0.091114	1.5441	-0.0094037	-0.1007
-0.061608	1.5659	-0.0048827	-0.079081
-0.013606	1.5834	-0.007957	-0.10322
0.035806	1.6209	0.0023509	-0.023958
0.092342	1.6543	0.0096448	0.056744
0.14232	1.6685	-0.016155	0.036568
0.18428	1.6954	-0.0068117	0.10934
0.21455	1.7248	-0.0045813	0.074758
0.25632	1.7674	0.0030743	0.23616
0.28457	1.7846	0.0043402	0.2639
0.32324	1.8082	-0.0017481	0.33632
0.36244	1.8633	-0.011634	0.36514
0.39414	1.9048	-0.0077159	0.44729
0.42965	1.9212	0.0074748	0.43432
0.45728	1.967	-0.00072336	0.51358
0.48294	2.0127	-0.0017481	0.51141
0.53745	2.0426	0	0.62454
0.56726	2.0798	-0.00072336	0.73695
0.59891	2.1369	-0.0016878	0.78451
0.63333	2.1868	-0.0056061	0.83927
0.65479	2.2437	-0.0048224	0.93582
0.69725	2.25	-0.016878	1.009
0.7549	2.3177	-0.015673	1.0464
0.78062	2.3872	-0.0043402	1.1419
0.80596	2.4425	-0.0063294	1.1686
0.82945	2.4661	0.0050635	1.2608
0.86254	2.5254	-0.0033757	1.3264
0.9037	2.5846	-0.0022304	1.4499
0.95095	2.6113	-0.0084392	1.4964
0.99556	2.6591	0.00096448	1.5641
1.0533	2.7274	-0.01501	1.6304
1.1022	2.7799	-0.0017481	1.7169
1.1674	2.8099	-0.0021701	1.7745
1.2197	2.8537	-0.013684	1.8351
1.2904	2.9199	-0.0031346	1.9576
1.3419	2.9738	-0.0065103	2.0019
1.3699	3.0254	-0.011333	2.0527
1.4062	3.0571	-0.0063294	2.1215
1.4498	3.125	-0.0058472	2.2267
1.4718	3.1735	-0.015914	2.3362
1.499	3.2255	-0.0014467	2.3798
1.5268	3.2703	-0.0050635	2.423
1.5545	3.318	-0.015191	2.502
1.5798	3.3784	-0.0065103	2.5564
1.6144	3.4312	-0.012237	2.6648
1.6605	3.4745	-0.0047621	2.7271
1.7294	3.5491	-0.007957	2.8554
1.789	3.5995	0.014889	2.9505
1.8256	3.6693	-0.0089818	3.0035
1.8633	3.7368	-0.019229	3.1148
1.8993	3.7876	-0.013442	3.1609
1.9433	3.8578	0.001929	3.2643
1.9862	3.9178	-0.020073	3.4001
2.0257	3.9831	-0.020978	3.528
2.0574	4.0978	-0.0089215	3.6538
2.0954	4.1638	-0.021641	3.7734
2.135	4.243	0.0031346	3.8915
2.1538	4.3287	-0.0029537	3.9939
2.1824	4.3447	-0.0029537	4.1362
2.2064	4.4327	-0.011574	4.1708
2.2258	4.4836	0.0028332	4.2471
2.2454	4.5581	0.001929	4.383
2.2801	4.6475	0.0016276	4.5137
2.3272	4.7529	-0.0063294	4.651
2.3659	4.8221	-0.00078364	4.8117
2.4171	4.9434	-0.0087406	4.9846
2.4592	5.0786	0.0059677	5.168
2.4993	5.1972	-0.0302	5.3654
2.5499	5.2423	-0.0074748	5.511
2.6044	5.395	-0.0045813	5.8007
2.6985	5.5179	-0.001929	5.9131
2.756	5.6453	0.0021098	6.1109
2.7909	5.7539	-0.01495	6.34
2.8341	5.8726	-0.0099462	6.4855
2.8706	6.0135	-0.0092229	6.7536
2.9032	6.1634	-0.01284	6.9784
2.9446	6.2752	-0.0057869	7.1902
2.9751	6.4251	-6.03E-05	7.4525
3.0086	6.5774	0.0033154	7.7952
3.0555	6.7753	-0.0024715	8.0664
3.1021	6.8889	-0.016698	8.3212
3.1428	7.0492	-0.003436	8.5492
3.1816	7.1994	-0.0036168	8.7683
3.2198	7.3638	-0.007535	9.0968
3.2679	7.5534	-0.0092229	9.3962
3.3293	7.7042	0.0069322	9.7017
3.3617	7.9224	0.012357	10.094
3.3851	8.1322	0.0026523	10.392
3.4174	8.351	-0.0041593	10.767
3.45	8.5285	-0.009886	11.137
3.4773	8.7453	-0.0084995	11.43
3.4985	8.9	0.004521	11.783
3.5302	9.0955	-0.0096448	12.048
3.5613	9.2922	-0.011333	12.487
3.5944	9.5809	-0.015191	12.915
3.6293	9.7558	0.0037977	13.263
3.6645	10.012	0.0028935	13.673
3.6994	10.227	-0.020556	14.055
3.7376	10.492	-0.010368	14.504
3.7829	10.704	-0.0063294	14.835
3.8216	10.914	-0.014467	15.23
3.871	11.115	-0.0058472	15.638
3.9262	11.359	-0.020556	16
3.9848	11.616	-0.00054252	16.466
4.0281	11.86	-0.01929	16.976
4.0859	11.961	-0.01067	17.252
4.1422	12.283	-0.01284	17.698
4.1926	12.571	-0.0027126	18.232
4.2268	12.843	-0.014286	18.689
4.2791	13.118	-0.0024112	19.16
4.3266	13.42	-0.013201	19.64
4.3649	13.668	-0.01718	20.081
4.3956	13.831	-0.0077762	20.405
4.3954	13.521	0.00042196	20.106
4.393	13.269	-0.018084	19.906
4.3868	13.18	-0.0013864	19.808
4.3923	13.142	-0.009886	19.705
4.379	12.703	-0.0022304	19.487
4.3275	10.426	0.00018084	18.068
4.3005	8.4255	-0.0016878	16.325
4.2547	6.8684	-0.011152	14.576
4.2043	5.7118	-0.0047621	13.056
4.1688	4.7649	0.00072336	11.551
4.1343	4.069	-0.018868	10.375
4.0892	3.6467	-0.0038579	9.6297
4.0527	3.3541	0.0028935	9.1703
4.0182	2.9994	-0.013503	8.471
3.9994	2.7914	-0.010911	7.9479
3.957	2.5815	-0.01284	7.5779
3.9232	2.4392	-0.021279	7.2403
3.902	2.2451	-0.011092	6.9352
3.8593	2.0613	0.00024112	6.4596
3.825	1.8687	-0.0029537	5.925
3.7947	1.6834	-0.013021	5.2977
3.7727	1.4632	-0.0065705	4.5382
3.7475	1.2697	-0.0087406	3.7849
3.7329	1.1234	0.0016276	3.1778
3.7122	1.0104	-0.0067514	2.6443
3.7021	0.91041	-0.016637	2.1993
3.6783	0.85088	-0.022967	1.8779
3.6628	0.76335	-0.0039182	1.4456
3.6437	0.70264	-0.0066911	1.0223
3.6099	0.61014	-0.0046416	0.66561
3.581	0.57276	-0.011634	0.24661
3.5472	0.51711	-0.0092229	-0.0254
3.509	0.46019	-0.0056061	-0.1551
3.4732	0.39598	0.0050033	-0.28048
3.4509	0.3569	-0.0096448	-0.25778
3.4026	0.3052	-0.0089818	-0.2848
3.3621	0.2269	-0.0072336	-0.23472
3.3386	0.18815	-0.0048224	-0.32263
3.2928	0.16886	-0.007535	-0.32551
3.2498	0.13756	-0.017903	-0.29056
3.2074	0.10292	-0.0044005	-0.33128
3.1857	0.085827	-0.0084392	-0.34677
3.1572	0.055907	-0.0058472	-0.33668
3.1172	0.063097	-0.016698	-0.33416
3.0775	0.033835	-0.0010248	-0.27039
3.0349	0.013647	-0.0062691	-0.30353
2.9897	0.0069177	-0.0021098	-0.3129
2.9612	-0.0010828	0.0059677	-0.30498
2.9196	-0.036154	-0.011634	-0.30353
2.8782	-0.045864	-0.016637	-0.27471
2.8465	-0.061558	-0.0024112	-0.27976
2.81	-0.068331	-0.0031949	-0.25382
2.7625	-0.072014	-0.017662	-0.3356
2.7163	-0.093911	-0.0072336	-0.29525
2.6636	-0.11725	-0.007535	-0.26354
2.5784	-0.13453	-0.018144	-0.28552
2.5224	-0.12697	-0.020978	-0.28048
2.4676	-0.14803	0.0037977	-0.33416
2.4132	-0.16839	0.0035565	-0.31975
2.3609	-0.19553	-0.0028935	-0.36586
2.3175	-0.18038	-0.0082584	-0.35577
2.2811	-0.19597	-0.020797	-0.3338
2.2496	-0.22087	-0.0053047	-0.38712
2.2217	-0.22534	0.0021098	-0.36694
2.1988	-0.21762	-0.0051238	-0.36874
2.1751	-0.22396	-0.00072336	-0.34389
2.1508	-0.25377	0.015914	-0.32371
2.1252	-0.26701	-0.0021098	-0.36694
2.0934	-0.27154	-0.0038579	-0.3846
2.0636	-0.27483	-0.0096448	-0.35253
2.0331	-0.30504	-0.0065705	-0.3338
1.9995	-0.30662	-0.0038579	-0.37271
1.9574	-0.3167	-0.018566	-0.28048
1.9216	-0.32005	-0.0043402	-0.36406
1.8847	-0.3496	-0.0024715	-0.37703
1.8535	-0.35354	-0.013322	-0.35433
1.8215	-0.34835	-0.013081	-0.37163
1.7687	-0.36168	0.0014467	-0.3691
1.7166	-0.39201	-0.012116	-0.31686
1.6555	-0.39449	-0.0036771	-0.32407
1.6074	-0.39	0.013262	-0.32515
1.5796	-0.39966	0.012719	-0.40153
1.5498	-0.39449	-0.0050635	-0.29092
1.532	-0.4115	-0.009464	-0.34713
1.4986	-0.43552	-0.011333	-0.30642
1.4735	-0.42421	-0.0097051	-0.34569
1.4495	-0.457	-0.0082584	-0.28912
1.4029	-0.46759	0.0033154	-0.33848
1.3706	-0.48401	-0.011815	-0.34677
1.3289	-0.47515	0.0021098	-0.37055
1.2881	-0.46744	-0.021279	-0.32407
1.2141	-0.50117	-0.0055458	-0.32119
1.145	-0.52861	-0.01495	-0.30498
1.0766	-0.51285	-0.0096448	-0.31146
1.0299	-0.528	-0.0082584	-0.37019
0.97996	-0.53977	-0.0072336	-0.33236
0.93469	-0.55492	-0.013081	-0.33416
0.88299	-0.55132	-0.0077159	-0.32947
0.83897	-0.57493	-0.0044005	-0.26931
0.81375	-0.57307	0.0017481	-0.26787
0.79708	-0.58876	-0.012056	-0.27795
0.7714	-0.59054	-0.0057869	-0.24877
0.72704	-0.60042	-0.013563	-0.30101
0.66706	-0.61815	-0.011152	-0.24517
0.63285	-0.63508	-0.011875	-0.21022
0.6021	-0.63426	-0.014226	-0.23004
0.57547	-0.64647	0.00096448	-0.28264
0.52356	-0.6831	-0.0050635	-0.23904
0.498	-0.69776	0.0054855	-0.22752
0.4596	-0.68012	-0.0012659	-0.19437
0.43979	-0.70548	-0.00072336	-0.19977
0.41099	-0.70712	-0.0091626	-0.14069
0.36671	-0.70864	-0.0031346	-0.16375
0.32831	-0.71905	0.01079	-0.19689
0.29794	-0.74572	-0.0044005	-0.1832
0.26565	-0.75114	-0.0099462	-0.22283
0.22556	-0.753	-0.0091626	-0.16699
0.19708	-0.76087	-0.0048224	-0.23148
0.16309	-0.77183	-0.0082584	-0.19833
0.11655	-0.7578	0.0014467	-0.23904
0.057643	-0.76289	-0.0026523	-0.16555
0.0036832	-0.80324	-0.0045813	-0.17564
-0.051183	-0.80795	-0.0041593	-0.18861
-0.090893	-0.80517	-0.0042799	-0.14645
-0.13984	-0.8092	-0.013744	-0.1306
-0.19974	-0.81812	-0.0021701	-0.16122
-0.26694	-0.829	-0.018566	-0.15114
-0.31891	-0.86214	0.0069322	-0.11331
-0.3557	-0.85655	0.0045813	-0.12628
-0.38402	-0.88064	-0.0017481	-0.11223
-0.4164	-0.90729	-0.0053047	-0.083044
-0.45342	-0.948	0	-0.035848
-0.47344	-0.92985	0.008379	0.0088268
-0.52185	-1.0018	-0.011333	0.11439
-0.57839	-1.03	-0.011815	0.19617
-0.63561	-1.0838	-0.007535	0.21815
-0.6662	-1.0947	-0.020676	0.20482
-0.69882	-1.1405	-0.0096448	0.3111
-0.73407	-1.1794	-0.00078364	0.38496
-0.76649	-1.228	-0.0065705	0.38244
-0.79068	-1.2407	-0.0041593	0.42675
-0.81087	-1.2714	-0.013081	0.43576
-0.84082	-1.2953	-0.0010248	0.52799
-0.89422	-1.3275	0.0065103	0.52871
-0.94767	-1.3598	-0.012719	0.60004
-0.98342	-1.4017	0	0.66165
-1.0096	-1.454	-0.011092	0.73082
-1.0349	-1.4663	-0.009886	0.7211
-1.0731	-1.5037	-0.009886	0.82161
-1.1044	-1.5223	0.0028332	0.84647
-1.1369	-1.5925	-0.012357	0.86485
-1.1934	-1.6067	-0.0038579	0.90808
-1.2533	-1.6294	0.0021098	0.97041
-1.3069	-1.6783	0.0026523	1.0223
-1.3613	-1.7202	-0.0051238	1.0266
-1.412	-1.7278	-0.0065705	1.068
-1.4562	-1.8148	0.00096448	1.1275
-1.5016	-1.8208	-0.014226	1.2255
-1.5512	-1.8547	-0.013081	1.2194
-1.5738	-1.882	0.011634	1.3509
-1.6075	-1.9326	-0.01718	1.3321
-1.6446	-1.9665	0.0089215	1.4186
-1.6785	-2.0241	0.004521	1.5076
-1.7119	-2.0549	-0.0086804	1.5195
-1.7411	-2.1073	0.012478	1.5854
-1.7759	-2.1419	0.0045813	1.6935
-1.8291	-2.1875	-0.0082584	1.7717
-1.8926	-2.2297	0.0050635	1.8192
-1.9716	-2.2885	-0.0036771	1.9169
-2.0242	-2.2817	0.0024715	1.9053
-2.0828	-2.3495	0.0074748	1.9875
-2.1246	-2.3927	-0.0074748	2.044
-2.1586	-2.4566	-0.014467	2.1287
-2.2036	-2.4879	0.0081378	2.2339
-2.2392	-2.5122	-0.00072336	2.2829
-2.2577	-2.601	0.0050635	2.3683
-2.3107	-2.6525	-0.0069925	2.4562
-2.3637	-2.6713	-0.0087406	2.5005
-2.4006	-2.7533	-0.0038579	2.6461
-2.4446	-2.813	-0.007535	2.7325
-2.492	-2.8858	-0.0084392	2.8669
-2.5382	-2.9232	0.0033154	2.9289
-2.5784	-2.9928	-0.013563	3.0236
-2.614	-3.0739	-0.007535	3.0424
-2.6388	-3.1197	-0.007957	3.2254
-2.6722	-3.2024	-0.0082584	3.381
-2.7001	-3.2811	-0.024112	3.4484
-2.7389	-3.3531	-0.0003014	3.5323
-2.7713	-3.4114	-0.01284	3.6739
-2.8064	-3.4732	-0.0087406	3.8008
-2.8334	-3.4984	-0.015613	3.8108
-2.8597	-3.667	-0.0041593	4.0122
-2.8852	-3.7598	0.0013864	4.2021
-2.9034	-3.837	-0.010368	4.3296
-2.9278	-3.9036	-0.032792	4.383
-2.955	-4.0013	-0.015432	4.5962
-2.9877	-4.0776	-0.0036168	4.7223
-3.0356	-4.1351	-0.0022304	4.8189
-3.0675	-4.2436	0.0069322	4.9677
-3.0975	-4.3635	0.0071734	5.0574
-3.1279	-4.4439	-0.0058472	5.3467
-3.156	-4.581	-0.0099462	5.4796
-3.2185	-4.6767	-0.00018084	5.6576
-3.2585	-4.8327	-0.0019892	5.9145
-3.3023	-4.9389	0.0021098	6.0673
-3.3384	-5.0446	-0.0055458	6.2521
-3.3757	-5.1298	0.004521	6.4275
-3.4119	-5.2638	-0.0051238	6.5774
-3.4453	-5.4533	-0.00024112	6.8988
-3.5022	-5.5407	-0.0055458	7.1178
-3.5421	-5.7244	-0.020797	7.4064
-3.5815	-5.8866	-0.016396	7.6399
-3.6142	-6.0182	-0.003436	7.8903
-3.6553	-6.1524	-0.0055458	8.1241
-3.6962	-6.3505	0.0045813	8.3979
-3.7363	-6.5233	-0.0057869	8.6685
-3.8025	-6.6708	-0.00024112	8.8893
-3.8761	-6.7378	-0.011333	9.0705
-3.9194	-6.9146	0.0028332	9.3098
-3.9618	-7.1045	-0.0039182	9.585
-3.9974	-7.2842	0.0041593	9.8851
-4.0314	-7.4404	-0.026764	10.127
-4.0974	-7.5628	-0.0016878	10.427
-4.1531	-7.7745	0.0045813	10.738
-4.2063	-7.9684	-0.0036771	11.026
-4.247	-8.1184	-0.00078364	11.305
-4.2956	-8.303	-0.013563	11.656
-4.3454	-8.4524	0.0069925	11.844
-4.3832	-8.6418	-0.0058472	12.261
-4.4273	-8.7937	-0.0086804	12.538
-4.462	-9.0002	0.0023509	12.838
-4.4958	-9.2248	-0.020556	13.235
-4.5342	-9.3685	0.00096448	13.456
-4.5689	-9.5647	-0.0016878	13.844
-4.6085	-9.7587	-0.00072336	14.146
-4.6402	-9.975	-0.015733	14.514
-4.6727	-10.184	-0.0050635	14.799
-4.712	-10.413	-0.00072336	15.207
-4.7573	-10.635	0.0024112	15.558
-4.8048	-10.809	-0.0017481	15.914
-4.8419	-11.054	-0.0043402	16.333
-4.8702	-11.217	-0.0036771	16.678
-4.9062	-11.465	-0.0036771	17.083
-4.9352	-11.707	-0.012357	17.531
-4.9752	-11.978	0.0081378	17.978
-5.0263	-12.257	-0.013744	18.469
-5.0622	-12.499	-0.0038579	18.919
-5.1027	-12.764	-0.0048224	19.39
-5.139	-13.031	-0.0053047	19.854
-5.1794	-13.243	-0.0053649	20.29
-5.2169	-13.505	-0.0053047	20.767
-5.2471	-13.823	-0.011092	21.25
-5.2538	-13.888	-0.0044005	21.412
-5.2525	-13.524	-0.0026523	21.231
-5.2577	-13.329	-0.010368	20.979
-5.2597	-13.24	-0.012599	20.922
-5.2547	-13.194	-0.0050635	20.858
-5.2617	-13.1	-0.015974	20.842
-5.2195	-10.841	-0.0056061	19.327
-5.2082	-9.2299	-0.0027126	17.989
-5.1851	-7.8635	-0.0062691	16.688
-5.1679	-6.7849	-0.023389	15.51
-5.1523	-5.7731	-0.0043402	14.256
-5.1388	-5.0813	-0.0092229	13.243
-5.111	-4.4961	-0.011092	12.233
-5.1005	-3.9612	0.014407	11.353
-5.0885	-3.4631	0.0069322	10.435
-5.0579	-2.8476	-0.0055458	9.1239
-5.0261	-2.3458	-0.0077762	7.9205
-4.9991	-1.865	0.0012056	6.7028
-4.9693	-1.4113	-0.0065705	5.5182
-4.9358	-1.0441	-0.0021701	4.4132
-4.9103	-0.7608	0.0012056	3.5655
-4.8816	-0.50365	-0.0017481	2.7657
-4.8527	-0.32836	-0.016637	2.1262
-4.8251	-0.18275	0.0024112	1.5033
-4.7866	-0.062259	-0.0051238	0.94411
-4.7421	0.051699	-0.016095	0.50349
-4.7044	0.12278	-0.0014467	0.16915
-4.6631	0.17883	-0.012237	-0.050259
-4.6318	0.21313	-0.0036771	-0.17816
-4.5932	0.27326	0.0077159	-0.21851
-4.5526	0.295	-0.0065705	-0.20122
-4.5053	0.30246	-0.007957	-0.2131
-4.4584	0.31966	-0.0092229	-0.20302
-4.4269	0.36113	-0.007957	-0.20266
-4.3899	0.38233	0.0028935	-0.18572
-4.3506	0.39024	-0.006028	-0.17996
-4.3093	0.4297	-0.0096448	-0.17672
-4.26	0.47027	-0.019049	-0.19437
-4.2192	0.48476	-0.0047621	-0.23868
-4.1667	0.50098	-0.00072336	-0.13925
-4.1213	0.5257	-0.0082584	-0.19581
-4.0682	0.55393	-0.0045813	-0.19725
-4.0178	0.58162	-0.0050033	-0.18392
-3.9898	0.58041	-0.0012659	-0.19113
-3.946	0.59435	0.0074145	-0.2059
-3.9219	0.63335	-0.0082584	-0.17023
-3.8781	0.66842	0.0033154	-0.20698
-3.8317	0.66246	-0.023208	-0.1868
-3.7598	0.68203	0.010308	-0.2304
-3.7087	0.6965	-0.0053047	-0.2131
-3.6626	0.72591	-0.022967	-0.22463
-3.6217	0.71559	-0.0072939	-0.21455
-3.5821	0.73576	-0.011574	-0.23292
-3.5492	0.74779	0.0040388	-0.21274
-3.5155	0.76646	0.027669	-0.2621
-3.4854	0.77172	-0.00078364	-0.21455
-3.439	0.7717	-0.010911	-0.24193
-3.403	0.79391	-0.0077159	-0.19869
-3.3753	0.8137	-0.0068117	-0.23148
-3.335	0.80995	0.0062089	-0.28624
-3.2858	0.80601	-0.011031	-0.30245
-3.2474	0.81949	0.0012056	-0.25886
-3.1993	0.83816	0.012357	-0.34533
-3.161	0.84077	0.0024112	-0.30498
-3.1234	0.86116	-0.009464	-0.30678
-3.0945	0.8793	-0.016878	-0.29092
-3.0643	0.88893	-0.0082584	-0.27507
-3.0253	0.88904	-0.0065103	-0.31362
-2.98	0.88691	0.0084392	-0.3583
-2.9493	0.91701	0.011996	-0.31074
-2.919	0.93345	-0.0038579	-0.29957
-2.8942	0.91926	0.0069925	-0.34533
-2.8762	0.92926	0.00048224	-0.36983
-2.8478	0.93627	-0.0027126	-0.33812
-2.8122	0.95909	-0.0086804	-0.36694
-2.7777	0.95462	0.0014467	-0.34389
-2.743	0.96591	-0.0040991	-0.37883
-2.6952	0.9633	0.00048224	-0.37595
-2.6517	0.97785	-0.0077159	-0.41594
-2.623	0.98677	-0.013081	-0.42495
-2.5934	0.98224	0.0009042	-0.42459
-2.5598	1.0049	-0.014769	-0.40874
-2.5031	0.98336	-0.0041593	-0.42603
-2.4535	1.0085	0.0026523	-0.43035
-2.4044	1.0218	0.011514	-0.43648
-2.3639	1.042	-0.0028935	-0.42459
-2.3204	1.0431	0.0065103	-0.48367
-2.2761	1.0295	0.014467	-0.44765
-2.236	1.025	0.0062089	-0.439
-2.2151	1.0566	0.0038579	-0.43035
-2.1727	1.0702	-0.021761	-0.48367
-2.1326	1.0663	-0.011996	-0.47142
-2.0927	1.0757	-0.009886	-0.43936
-2.0268	1.0923	-0.014467	-0.41594
-1.9791	1.1086	-0.0081981	-0.48115
-1.9299	1.0985	-6.03E-05	-0.44909
-1.8537	1.1081	-0.022002	-0.42495
-1.7834	1.1242	-0.012116	-0.44044
-1.7439	1.1411	0.0043402	-0.42819
-1.71	1.1365	0.0026523	-0.46782
-1.6882	1.1381	-0.0065705	-0.4725
-1.6626	1.159	-0.0078967	-0.41594
-1.6265	1.1669	-0.0072336	-0.43323
-1.5911	1.1538	-0.013262	-0.47791
-1.5662	1.1625	-0.0021098	-0.42783
-1.5295	1.1788	-0.0019892	-0.45665
-1.5002	1.185	-0.0068117	-0.41594
-1.4458	1.1874	0.00066308	-0.37847
-1.4008	1.207	-0.013563	-0.40441
-1.3487	1.2104	-0.0024112	-0.40513
-1.3029	1.2324	-0.014286	-0.41882
-1.2427	1.2232	-6.03E-05	-0.40621
-1.1834	1.2312	-0.018566	-0.37595
-1.1328	1.2541	-0.0031949	-0.3846
-1.0933	1.2702	-0.015733	-0.3936
-1.0584	1.2674	-0.00072336	-0.37703
-1.0264	1.2829	-0.0080173	-0.37019
-0.99998	1.2919	-0.0031346	-0.3338
-0.9673	1.2981	0.01712	-0.35433
-0.92302	1.2968	0.0030743	-0.34425
-0.86797	1.3238	-0.017421	-0.28084
-0.81997	1.332	-0.009886	-0.29381
-0.7938	1.34	0.013985	-0.29381
-0.77257	1.3522	-0.0031346	-0.29669
-0.75124	1.3713	-0.013081	-0.27759
-0.72346	1.3945	-0.021038	-0.24337
-0.68997	1.3923	0.011574	-0.25346
-0.66781	1.404	-0.0031346	-0.19113
-0.63279	1.427	0.0036168	-0.19545
-0.59406	1.4539	-0.0012659	-0.15114
-0.53207	1.4812	-0.010428	-0.18392
-0.48645	1.4868	0	-0.11799
-0.45622	1.4802	-0.0041593	-0.13817
-0.43973	1.4967	-0.016698	-0.096374
-0.40868	1.5172	0.013021	-0.11799
-0.38501	1.5311	-0.0077762	-0.065751
-0.36544	1.5461	-0.014045	-0.050259
-0.32342	1.574	0.0089215	-0.013871
-0.29232	1.5822	-0.0077762	0.068273
-0.24058	1.598	-0.017662	0.048097
-0.18619	1.6285	-0.0016878	0.07836
-0.13052	1.6626	0.0057869	0.11727
-0.085418	1.6533	-0.015251	0.099977
-0.03969	1.6641	0.0022304	0.11403
0.0016705	1.6869	-0.01067	0.17311
0.059314	1.723	0.004521	0.26715
0.1115	1.7486	-0.011875	0.26138
0.16238	1.7483	0.023328	0.26715
0.19956	1.7833	0.0024112	0.32155
0.2312	1.8226	-0.015974	0.34172
0.27	1.8603	0.0065103	0.45449
0.29788	1.8628	-0.0045813	0.50925
0.33525	1.8989	-0.010609	0.52222
0.38144	1.9324	-0.019591	0.59824
0.41073	1.9714	-0.0033757	0.59428
0.4498	1.9937	0.0092229	0.68039
0.47057	2.0134	-0.0086804	0.74091
0.50639	2.0619	-0.013804	0.78018
0.55576	2.1022	-0.0012056	0.82738
0.58537	2.1207	-0.011875	0.83494
0.60654	2.1279	-0.0070528	0.89979
0.63174	2.2018	-0.0068117	0.95708
0.66441	2.2352	-0.0066911	1.0421
0.71587	2.2644	-0.0092229	1.0781
0.76866	2.3079	-0.0024112	1.1174
0.79171	2.3323	-0.0024715	1.166
0.8185	2.3785	-0.013081	1.2799
0.84066	2.4043	0.0016878	1.2568
0.87479	2.4366	-0.0081981	1.3379
0.92082	2.4897	0.0050033	1.3721
0.98024	2.5158	0.015854	1.4726
1.0189	2.5362	-0.010187	1.4921
1.0692	2.567	0.0066911	1.5133
1.1339	2.6145	-0.021279	1.5537
1.1875	2.6533	-0.01712	1.6059
1.2488	2.6881	-0.0016276	1.6589
1.3193	2.7221	0.0065103	1.7093
1.3585	2.7435	0.0013864	1.7688
1.383	2.8165	0.0050635	1.8088
1.4309	2.8342	-0.020254	1.8376
1.4626	2.857	0.0023509	1.9154
1.4865	2.9139	-0.00072336	1.9514
1.5133	2.9462	-0.00048224	1.9792
1.541	2.9635	-0.0065705	2.0552
1.5647	2.9947	-0.011333	2.0916
1.5991	3.046	0.0013864	2.1269
1.6346	3.0968	-0.0038579	2.1449
1.6901	3.1125	-0.0036168	2.2123
1.7664	3.1178	-0.0069925	2.3016
1.8022	3.1668	-0.0016878	2.2426
1.8403	3.1899	0.0047621	2.3496
1.8751	3.2147	-0.027488	2.3405
1.9151	3.2732	-0.011634	2.3921
1.9639	3.304	-0.0072336	2.4241
2.0166	3.3264	-0.0096448	2.4879
2.0508	3.3708	0.0057869	2.5729
2.08	3.4124	-0.0086804	2.5989
2.1103	3.4307	0.0016276	2.6003
2.1393	3.4677	-0.019591	2.6821
2.1565	3.4718	0.0052444	2.7387
2.1838	3.5233	0.0057869	2.7941
2.2125	3.5761	-0.011092	2.8366
2.2316	3.6224	-0.010187	2.9159
2.2614	3.6908	-0.014045	3.0009
2.3034	3.735	0.00018084	3.0914
2.3374	3.7892	0.0038579	3.1278
2.3939	3.8364	-0.009886	3.283
2.4334	3.8578	0.0054855	3.2643
2.4796	3.9143	0	3.3771
2.5223	3.9766	-0.0081981	3.4289
2.5776	4.0361	-0.00048224	3.541
2.6357	4.0727	0.0021701	3.5237
2.7224	4.1501	0.00018084	3.6865
2.7716	4.2058	0.00042196	3.7298
2.8154	4.2254	-0.0021701	3.7979
2.8487	4.2562	-0.0087406	3.8202
2.8834	4.3219	-0.0003014	3.893
2.9277	4.4294	0.0057869	4.0457
2.969	4.4738	-0.0044005	4.1207
3.0021	4.492	0.0071734	4.1524
3.0352	4.5691	-0.0072939	4.1823
3.0882	4.6307	-0.0057869	4.2778
3.1322	4.6396	-0.0077762	4.2403
3.173	4.6532	-0.0024112	4.223
3.2088	4.7397	-0.0058472	4.4316
3.2583	4.815	-0.0099462	4.4406
3.316	4.8773	-0.0041593	4.615
3.353	4.9234	0.0077159	4.6798
3.3789	4.9964	-0.0027126	4.6986
3.411	4.9444	-0.010428	4.6881
3.4493	5.0368	-0.010187	4.7908
3.4718	5.1248	-0.00024112	4.9551
3.4887	5.2112	-0.0095846	5.0819
3.5171	5.2835	-0.020254	5.1021
3.5509	5.3167	-6.03E-05	5.2102
3.5854	5.3918	-0.00072336	5.3384
3.6139	5.5006	-0.006028	5.5157
3.657	5.6152	0.00066308	5.7127
3.6874	5.7124	-0.0084995	5.8399
3.7269	5.8083	-0.0053649	6.0251
3.7722	5.8867	0.0055458	6.1552
3.8157	5.9609	-0.012599	6.2416
3.8542	6.0721	-0.0021701	6.4809
3.9125	6.1708	-0.0065705	6.6279
3.9725	6.3053	0.0013864	6.8386
4.023	6.3315	-0.013503	6.9078
4.0716	6.4706	-0.0062691	7.111
4.1263	6.6067	-0.0065705	7.3891
4.1845	6.6937	-0.0022304	7.3978
4.2158	6.7702	-0.0019892	7.5304
4.2763	6.9298	-0.0019892	7.7681
4.3154	7.0377	-0.0065103	7.9872
4.3627	7.1555	0.00018084	8.1544
4.4067	7.2993	-0.025619	8.4033
4.4434	7.4582	-0.0024112	8.6742
4.4728	7.5912	-0.00054252	8.9091
4.5095	7.7281	0.0030743	9.0896
4.5367	7.8788	-0.0054855	9.3573
4.5636	8.0044	0.00054252	9.5969
4.5916	8.1388	-0.0039182	9.8203
4.6434	8.2678	-0.0092229	10.066
4.7011	8.4728	0.0048224	10.4
4.7486	8.6014	-0.0067514	10.595
4.7756	8.7274	-0.0055458	10.819
4.8043	8.8853	-0.011574	11.1
4.8575	9.054	0.0021701	11.411
4.8953	9.2201	-0.015251	11.668
4.9459	9.3342	-0.006028	11.886
4.9754	9.5602	-0.0069322	12.208
5.0135	9.7157	-0.0027126	12.563
5.0495	9.8855	-0.007535	12.831
5.0844	10.05	-0.016698	13.122
5.1272	10.224	-0.0016878	13.365
5.1649	10.326	-0.013744	13.685
5.2071	10.553	-0.011574	14.008
5.2452	10.789	-0.0096448	14.395
5.2797	10.928	-0.0031346	14.651
5.3289	11.162	-0.0060883	15.041
5.3743	11.374	0.0016276	15.366
5.4214	11.615	-0.01501	15.797
5.454	11.843	-0.0036771	16.129
5.4857	12.098	-0.0050033	16.633
5.5222	12.323	0.0057266	17.043
5.5701	12.522	-0.027548	17.374
5.6221	12.729	-0.030381	17.775
5.6803	13.02	-0.013081	18.186
5.7223	13.292	-0.0065705	18.698
5.7709	13.395	-0.0039182	19.017
5.8101	13.67	-0.010127	19.425
5.8547	13.877	0.0048224	19.848
5.8518	13.74	0.0021098	19.639
5.8528	13.347	0.010127	19.275
5.8546	13.26	0.0028332	19.118
5.8522	13.194	-0.014769	19.106
5.8519	13.11	0.00066308	18.983
5.7854	10.782	0.0038579	17.595
5.7576	8.6761	0.0014467	15.748
5.7328	7.2522	-0.00024112	14.113
5.6657	6.0606	-0.0077762	12.499
5.6275	5.0522	-0.0053649	10.911
5.5769	4.2529	0.0013864	9.5749
5.5507	3.7982	-0.01085	8.7737
5.5174	3.4621	0.0089215	8.2379
5.4958	3.1563	-0.01929	7.6179
5.4701	2.8866	0.0052444	7.2926
5.4454	2.6902	-0.012056	6.9276
5.4242	2.5218	0.0016276	6.6351
5.4069	2.4048	-0.001929	6.4002
5.3924	2.2494	-0.0072336	6.1624
5.356	1.9954	-0.0024112	5.4937
5.3356	1.8526	-0.0057869	5.0012
5.324	1.6735	-0.011393	4.4046
5.281	1.4165	-0.0087406	3.6696
5.2566	1.2323	-0.0014467	2.9357
5.2392	1.0762	0.0016878	2.2469
5.2136	0.96812	0.0054855	1.7659
5.1853	0.85169	-0.0080173	1.3667
5.1422	0.75382	0.0033757	0.96861
5.1265	0.65354	-0.0036168	0.52907
5.0768	0.59655	-0.02146	0.20338
5.038	0.54289	-0.0094037	0.023238
4.9956	0.49361	-0.0014467	-0.080162
4.9647	0.46525	-0.013563	-0.16843
4.9466	0.43206	0.0052444	-0.23724
4.9113	0.39068	0.0011453	-0.22139
4.8616	0.36628	-0.0072336	-0.20986
4.8283	0.33579	-0.006028	-0.27904
4.7802	0.29345	-0.012116	-0.27687
4.7385	0.27633	-0.0040991	-0.25778
4.6991	0.2317	-0.0044005	-0.22607
4.6599	0.20794	-0.0055458	-0.21599
4.601	0.18017	0.0024112	-0.23328
4.5656	0.15623	-0.013804	-0.27759
4.535	0.11143	0.0057869	-0.22283
4.5028	0.089422	-0.0087406	-0.20554
4.4797	0.087055	0.0037977	-0.25634
4.4378	0.076972	0.0030743	-0.20266
4.404	0.033133	-0.0065705	-0.23328
4.3584	0.015313	-0.020797	-0.21707
4.3148	0.012595	-0.018627	-0.23436
4.2752	0.0026873	-0.0062089	-0.24445
4.2162	-0.019561	0.00645	-0.23904
4.1806	-0.042181	0.0023509	-0.2603
4.1242	-0.045513	-0.010911	-0.2394
4.0735	-0.038762	-0.013985	-0.26174
4.038	-0.068243	0.0018687	-0.23616
3.9945	-0.06912	-0.011815	-0.29201
3.9462	-0.077362	-0.014045	-0.25886
3.8908	-0.076989	-0.0014467	-0.27183
3.838	-0.10978	0.00024112	-0.30353
3.7933	-0.10215	0.020013	-0.29669
3.747	-0.10621	0.0017481	-0.31362
3.699	-0.11471	-0.0024715	-0.2603
3.6509	-0.15809	-0.0016878	-0.30209
3.6181	-0.1639	-0.0084392	-0.27327
3.5841	-0.16309	0.011092	-0.27615
3.5495	-0.16458	-0.0058472	-0.30065
3.5251	-0.18711	0.0009042	-0.3111
3.5102	-0.17012	0.022906	-0.30786
3.4957	-0.15515	0.00645	-0.30353
3.4726	-0.15478	0.0053047	-0.28372
3.4496	-0.18012	0.020435	-0.31542
3.4266	-0.17565	-0.013081	-0.30065
3.3847	-0.17098	-0.0058472	-0.31939
3.3577	-0.1817	-0.011333	-0.31795
3.332	-0.19719	-0.010428	-0.37019
3.2887	-0.20815	-0.0022304	-0.32371
3.2385	-0.2023	0.011755	-0.29957
3.1973	-0.21379	-0.0023509	-0.33704
3.1594	-0.23148	-0.0092229	-0.35001
3.119	-0.2429	-0.0010248	-0.3111
3.072	-0.23816	-0.0084995	-0.31831
3.0264	-0.24079	-0.0053649	-0.27904
2.985	-0.26243	-0.0053047	-0.29489
2.9525	-0.25953	0.0037977	-0.27795
2.9022	-0.27884	-0.0051238	-0.34857
2.8701	-0.27858	-0.011875	-0.28804
2.8334	-0.31328	-0.0082584	-0.35109
2.7902	-0.31135	0.00042196	-0.34244
2.7496	-0.30679	0.013262	-0.33992
2.6928	-0.29785	-0.013985	-0.35397
2.6151	-0.33881	-0.0062691	-0.3655
2.5415	-0.32626	-0.016215	-0.31506
2.4921	-0.32959	0.00072336	-0.36118
2.4428	-0.33607	-0.0065103	-0.29777
2.3874	-0.36308	0.0050033	-0.3356
2.3392	-0.35302	0.0089818	-0.3583
2.3021	-0.35878	-0.012116	-0.33956
2.2659	-0.3444	-0.0021701	-0.30822
2.2298	-0.38476	-0.0012659	-0.33956
2.2079	-0.3894	-0.019109	-0.3338
2.1824	-0.38693	0.010067	-0.31686
2.1582	-0.38211	-0.0017481	-0.32371
2.1401	-0.39701	0.00096448	-0.35001
2.1108	-0.41834	-0.0021701	-0.31362
2.0846	-0.4049	-0.010368	-0.3374
2.0528	-0.42658	-0.00072336	-0.31254
2.0236	-0.45724	-0.010127	-0.31795
1.979	-0.47919	-0.0040991	-0.32407
1.9512	-0.46198	-0.00072336	-0.32695
1.9144	-0.46671	-0.001507	-0.29957
1.874	-0.49056	-0.001507	-0.30137
1.8435	-0.50187	-0.02586	-0.30786
1.799	-0.47767	0.0024715	-0.33956
1.7553	-0.50198	0.0091626	-0.30281
1.6941	-0.52601	0.0078967	-0.32371
1.6357	-0.53372	-0.0058472	-0.35974
1.6009	-0.52215	-0.026101	-0.35397
1.5619	-0.52601	-0.00078364	-0.32695
1.5415	-0.54205	6.03E-05	-0.33812
1.5145	-0.55614	-0.0092229	-0.34821
1.485	-0.54293	-0.014769	-0.32083
1.4561	-0.5565	-0.024414	-0.33668
1.4177	-0.58157	0.0003014	-0.30498
1.3813	-0.5867	-0.003436	-0.341
1.347	-0.57254	-0.00048224	-0.30498
1.306	-0.59332	0.0030743	-0.35001
1.245	-0.59472	-0.0023509	-0.34569
1.1664	-0.6207	-0.011634	-0.33524
1.0969	-0.61202	-0.024835	-0.32695
1.0406	-0.62789	-0.0074145	-0.2848
0.99054	-0.63245	-0.0065705	-0.32839
0.94258	-0.65697	-0.0012056	-0.30822
0.88484	-0.6278	-0.010428	-0.2621
0.84458	-0.64411	-0.0016878	-0.32371
0.81633	-0.67258	-0.016457	-0.26931
0.79604	-0.68724	0.004521	-0.30786
0.77448	-0.67146	-0.00078364	-0.29237
0.73415	-0.68882	0.0057869	-0.28372
0.66304	-0.69805	-0.015974	-0.2304
0.63086	-0.71889	0.0074145	-0.28768
0.60129	-0.71679	-0.012056	-0.2603
0.57665	-0.71949	0.0018687	-0.25165
0.53111	-0.76188	-0.0036168	-0.22716
0.50476	-0.76098	0.0084392	-0.19041
0.46745	-0.75982	-0.0027126	-0.2059
0.44261	-0.75061	0.0028935	-0.21887
0.41791	-0.77613	-0.0010248	-0.24445
0.38813	-0.77933	0.010067	-0.18825
0.34618	-0.77617	-0.0058472	-0.22896
0.31132	-0.77253	0.0074145	-0.22139
0.27437	-0.79919	-0.01085	-0.23472
0.25046	-0.8076	-0.0017481	-0.18428
0.21173	-0.78746	-0.0036771	-0.19545
0.17484	-0.79629	-0.0089215	-0.23328
0.13429	-0.8348	-0.011333	-0.21022
0.079441	-0.8354	0.013684	-0.17816
0.025742	-0.82417	-0.007957	-0.18825
-0.028761	-0.83551	-0.010187	-0.21599
-0.076744	-0.82891	-0.0048827	-0.17852
-0.1202	-0.85898	-0.010368	-0.18248
-0.18233	-0.84305	-0.024172	-0.16122
-0.2322	-0.82814	-0.0092229	-0.18284
-0.29919	-0.87424	-0.012056	-0.18969
-0.33539	-0.87218	0.0055458	-0.16735
-0.36899	-0.869	-0.001929	-0.18716
-0.39561	-0.86214	-0.017421	-0.17023
-0.43476	-0.90045	-0.0010248	-0.18861
-0.46274	-0.8788	-0.014045	-0.1061
-0.4886	-0.88522	-0.0048827	-0.17816
-0.54119	-0.8868	0.0091626	-0.13673
-0.60888	-0.92053	0.0033154	-0.16375
-0.65155	-0.91799	0.011755	-0.13384
-0.68834	-0.91457	-0.011634	-0.17852
-0.71098	-0.92342	-0.013744	-0.12051
-0.73817	-0.95718	0.0030743	-0.14934
-0.77273	-0.95527	-0.0058472	-0.09061
-0.79149	-0.97568	0.012779	-0.11331
-0.81838	-0.967	-0.0082584	-0.030083
-0.85517	-1.026	-0.0041593	0.0041432
-0.90981	-1.0433	-0.0056061	0.094213
-0.95434	-1.0776	0.0009042	0.074037
-0.99574	-1.0842	-0.011634	0.14285
-1.0236	-1.1346	0.011514	0.15906
-1.0527	-1.1393	-0.00078364	0.18068
-1.0839	-1.1776	-0.013804	0.2023
-1.113	-1.1947	-0.01067	0.27399
-1.1406	-1.2177	-0.0033757	0.26823
-1.1965	-1.2507	-0.0031346	0.332
-1.2558	-1.2668	0.0036168	0.35073
-1.3212	-1.2884	-0.007957	0.42135
-1.3626	-1.3222	0.017783	0.41954
-1.4227	-1.3436	0.0028332	0.48295
-1.4837	-1.3893	-0.0036771	0.55933
-1.5331	-1.424	0.0045813	0.56402
-1.5671	-1.4533	-0.019531	0.64616
-1.5965	-1.477	-0.013744	0.62959
-1.6359	-1.4965	-0.0089818	0.73983
-1.6668	-1.5584	0.0014467	0.78451
-1.6996	-1.5884	-0.007957	0.82594
-1.7264	-1.5902	-0.0065103	0.84323
-1.7602	-1.6007	-0.015733	0.8825
-1.7974	-1.6167	0.0014467	0.88322
-1.8727	-1.6677	-0.0003014	0.90232
-1.9408	-1.6957	-0.007535	0.94699
-1.99	-1.7144	0.0024112	1.041
-2.0533	-1.7436	-0.0041593	1.0104
-2.1104	-1.7849	-0.011815	1.1084
-2.1453	-1.7926	-0.012056	1.1473
-2.1859	-1.8165	-0.0010248	1.152
-2.2246	-1.8582	-0.0010248	1.2208
-2.2507	-1.9129	-0.0003014	1.2975
-2.2841	-1.9229	-0.0045813	1.339
-2.3318	-1.9392	0.012719	1.3451
-2.3779	-1.9746	-0.0041593	1.3999
-2.4283	-1.9903	0.001929	1.4215
-2.4667	-2.026	-0.013985	1.5119
-2.5095	-2.0805	0.0040388	1.5541
-2.5607	-2.1394	0.0026523	1.5912
-2.5927	-2.1628	-0.0010248	1.7205
-2.6306	-2.1408	-0.01501	1.7367
-2.6547	-2.1806	-0.0033757	1.7306
-2.6833	-2.2172	-0.0012659	1.8048
-2.7107	-2.2053	0.0013864	1.8462
-2.7519	-2.2552	0.0055458	1.7976
-2.783	-2.3116	-0.0021701	1.887
-2.8199	-2.3499	-0.0058472	1.9187
-2.848	-2.3711	-0.0031949	1.9889
-2.8715	-2.3943	-0.0072336	2.0494
-2.8938	-2.4594	-0.0017481	2.0941
-2.9098	-2.4974	-0.011393	2.1964
-2.9344	-2.5362	0.0003014	2.2285
-2.9606	-2.5654	0	2.2407
-3.0011	-2.612	0.0086201	2.369
-3.0464	-2.6642	0.0047621	2.4346
-3.0713	-2.718	-0.0077159	2.4634
-3.1085	-2.7617	-0.0031949	2.5884
-3.1387	-2.7936	0.0026523	2.609
-3.1822	-2.8368	0.0069925	2.7487
-3.2295	-2.8951	0.0062089	2.7559
-3.2738	-2.9275	0.0055458	2.8294
-3.3044	-2.9703	-0.0021701	2.8939
-3.3523	-3.0451	-0.016878	3.011
-3.3954	-3.0562	0.0021098	3.0845
-3.4275	-3.143	-0.0026523	3.1213
-3.4706	-3.2297	0.0081378	3.2344
-3.5144	-3.2535	0.00645	3.3709
-3.5511	-3.346	0	3.4819
-3.5908	-3.3752	-0.0099462	3.5399
-3.6172	-3.3959	-0.020556	3.6419
-3.6681	-3.4629	0.0050635	3.7038
-3.7127	-3.55	-0.010187	3.8263
-3.7578	-3.6214	-0.00096448	3.9333
-3.8478	-3.7331	0.011333	4.0501
-3.8936	-3.787	0.00024112	4.1711
-3.9374	-3.864	0.0038579	4.2878
-3.982	-3.9263	0.00048224	4.3941
-4.0191	-4.0214	-0.014045	4.5573
-4.0702	-4.0599	0.0033757	4.6002
-4.1438	-4.1361	-0.0041593	4.7332
-4.1927	-4.2239	-0.003436	4.8654
-4.2419	-4.3002	-0.0003014	4.9926
-4.2824	-4.3677	0.0054855	5.0902
-4.3277	-4.5028	0.004521	5.2602
-4.3659	-4.546	0.0021098	5.3694
-4.4092	-4.6419	0.0069925	5.5416
-4.4483	-4.7233	0.0071734	5.6839
-4.475	-4.8531	-6.03E-05	5.7578
-4.5122	-4.9322	0.0031346	5.9174
-4.5601	-4.9803	0.009886	6.0417
-4.5976	-5.1154	0.0025921	6.2258
-4.6293	-5.1693	-0.0026523	6.3137
-4.662	-5.279	-0.0065103	6.4567
-4.7055	-5.4044	-0.00048224	6.6639
-4.7598	-5.4848	0.0047621	6.7752
-4.7926	-5.5991	-0.0084392	6.919
-4.84	-5.654	-0.0021701	7.0069
-4.8787	-5.6754	-0.0014467	7.1409
-4.9038	-5.7959	0.0016276	7.2681
-4.9433	-5.9258	-0.0024112	7.4814
-4.9778	-5.9626	0.0071734	7.5285
-5.0247	-6.0721	0.0050033	7.7552
-5.0639	-6.2633	0.0024112	8.0012
-5.1147	-6.3797	-0.00078364	8.2077
-5.1416	-6.4517	0.0022304	8.3266
-5.1894	-6.5911	-0.0045813	8.5795
-5.2267	-6.7242	0.0050033	8.774
-5.2594	-6.8751	-0.01284	8.9308
-5.304	-7.0007	-0.012538	9.2031
-5.3552	-7.028	-0.0060883	9.2503
-5.4256	-7.14	0.0040388	9.4366
-5.464	-7.2929	-0.0022304	9.6618
-5.4949	-7.4336	0.00018084	9.8992
-5.526	-7.4887	-0.0036771	9.999
-5.5618	-7.606	0.0035565	10.236
-5.5992	-7.7801	-0.0036771	10.471
-5.6469	-7.9244	-0.007535	10.692
-5.6866	-8.0177	-0.0012659	10.911
-5.7201	-8.1112	0.0048224	10.989
-5.7653	-8.1653	-0.0062691	11.088
-5.8232	-8.1722	-0.0010248	11.239
-5.8781	-8.3432	0.0094037	11.477
-5.9257	-8.5009	0.0060883	11.682
-5.9605	-8.6536	0.0026523	11.914
-5.9951	-8.813	0.007957	12.21
-6.0257	-9.0062	-0.011092	12.454
-6.0586	-9.102	0.0026523	12.637
-6.0992	-9.2995	0.0089818	12.868
-6.1328	-9.331	-0.001929	13.029
-6.1725	-9.3275	0	13.174
-6.2309	-9.3517	-0.0068117	13.175
-6.2668	-9.4858	-0.0089215	13.361
-6.3005	-9.7299	-0.0077762	13.727
-6.3303	-9.776	0.0013864	13.891
-6.3764	-9.8959	0.0074748	14.034
-6.4072	-9.9734	-0.019531	14.194
-6.4451	-10.191	-0.0012056	14.536
-6.4938	-10.279	-0.0077762	14.74
-6.5433	-10.474	0.0021098	15.067
-6.6057	-10.534	-0.016818	15.188
-6.6579	-10.7	0.021641	15.456
-6.6941	-10.817	0.0072336	15.681
-6.741	-10.988	-0.0048224	16.015
-6.773	-11.116	-0.011031	16.142
-6.8092	-11.258	-0.0003014	16.481
-6.8595	-11.348	-0.0003014	16.694
-6.8892	-11.519	-0.006028	16.961
-6.9187	-11.801	-0.0029537	17.404
-6.9609	-12.032	0.01712	17.784
-7.0068	-12.198	-0.0063294	18.074
-7.0702	-12.405	-0.0068117	18.404
-7.118	-12.581	0.0037977	18.715
-7.1674	-12.776	0.011574	19.084
-7.2117	-13.058	0.0043402	19.584
-7.2453	-13.211	0.0047621	19.885
-7.2833	-13.352	0.0095846	20.176
-7.3071	-13.481	-0.0072939	20.438
-7.3362	-13.794	0.0047621	20.905
-7.3404	-13.823	-0.0024112	21.012
-7.3444	-13.452	0.0047621	20.723
-7.3417	-13.266	0.0016276	20.493
-7.3397	-13.189	0.0033757	20.392
-7.34	-13.154	0.014889	20.301
-7.3364	-12.616	-0.0099462	20.075
-7.2973	-10.701	0.010609	18.549
-7.2819	-9.0146	0.0053649	16.992
-7.2715	-7.5385	-0.0053649	15.494
-7.2445	-6.2241	0.011875	13.93
-7.232	-5.4006	0.0030743	12.828
-7.2215	-4.709	0.011574	11.626
-7.2063	-4.1452	0.0088612	10.694
-7.1916	-3.674	-0.0045813	9.8563
-7.1667	-3.2648	0.004521	9.0075
-7.1454	-2.857	0.01085	8.1814
-7.114	-2.3405	0.0057869	6.9395
-7.0821	-1.8702	0.0052444	5.7001
-7.0381	-1.5069	-0.020978	4.7256
-6.986	-1.1496	0.0070528	3.7341
-6.9398	-0.90685	-0.0033757	2.9029
-6.8947	-0.70153	0.0037977	2.2152
-6.8746	-0.5182	0.00072336	1.5133
-6.8545	-0.37632	0.0040991	1.0378
-6.8018	-0.27911	0.013985	0.71245
-6.7599	-0.16679	-0.0069925	0.40549
-6.7269	-0.081044	0.0086201	0.23688
-6.6998	-0.018684	-0.010428	0.074037
-6.6679	0.03504	0.0030743	-0.067192
-6.6305	0.077651	0.00024112	-0.15366
-6.5631	0.13306	-0.0026523	-0.15654
-6.5089	0.16798	-6.03E-05	-0.18428
-6.463	0.19249	0.014467	-0.21707
-6.4232	0.20996	0.0089215	-0.1814
-6.3887	0.25704	0.0057869	-0.1796
-6.3521	0.28468	0.0048827	-0.18536
-6.3186	0.28606	-0.0017481	-0.17131
-6.286	0.3009	0.0024112	-0.17564
-6.2475	0.33437	-0.0040991	-0.13384
-6.2043	0.36067	0.00042196	-0.17383
-6.1582	0.37393	-0.0012056	-0.17419
-6.1222	0.39338	0.001929	-0.17095
-6.0886	0.42538	-0.0010248	-0.24337
-6.0534	0.4375	0.0054855	-0.22463
-6.0219	0.45159	0.00096448	-0.13925
-5.9887	0.4729	-0.0058472	-0.23148
-5.9407	0.50867	0.00096448	-0.22896
-5.9072	0.52366	0.014407	-0.19437
-5.8495	0.53445	0.0072336	-0.2059
-5.7957	0.54935	0.0074145	-0.2304
-5.7547	0.57016	0.0010248	-0.21455
-5.7069	0.57524	0.0040991	-0.24157
-5.6769	0.58944	-0.014045	-0.18861
-5.637	0.61266	-0.0070528	-0.20698
-5.5951	0.63773	-0.0044005	-0.23616
-5.5629	0.64343	-0.007535	-0.22283
-5.5204	0.65009	0.010308	-0.21274
-5.4839	0.67396	0.0047621	-0.25922
-5.4545	0.68061	0.0071734	-0.28048
-5.4042	0.6949	0.019591	-0.28084
-5.3521	0.68166	-0.007957	-0.29237
-5.2867	0.69674	0.0055458	-0.27651
-5.2516	0.72061	0.0055458	-0.25598
-5.2222	0.73286	-0.0012659	-0.32587
-5.1839	0.72962	0.014708	-0.28624
-5.1438	0.73797	0.0024112	-0.3111
-5.1033	0.73999	0.0057869	-0.28912
-5.0752	0.75445	-0.0036168	-0.28516
-5.0213	0.75879	0.00042196	-0.32839
-4.9864	0.76004	0.011996	-0.33992
-4.9448	0.76881	0.0024112	-0.34821
-4.9113	0.77225	0.0084995	-0.3601
-4.8819	0.78003	0.0011453	-0.439
-4.8466	0.77924	-0.013744	-0.36694
-4.8134	0.7925	0.0024112	-0.43035
-4.7643	0.79759	-0.006028	-0.40765
-4.7193	0.80344	0.0028332	-0.40585
-4.6669	0.79502	-0.0003014	-0.42026
-4.6317	0.81282	0.013442	-0.42207
-4.6007	0.82074	0.0026523	-0.45953
-4.5529	0.81545	0.0028332	-0.42459
-4.515	0.82345	0.0081981	-0.42639
-4.4628	0.83746	0.0035565	-0.46926
-4.4262	0.84266	0.001929	-0.48511
-4.3867	0.82749	-0.0036168	-0.4898
-4.3495	0.86043	0.0067514	-0.45233
-4.3175	0.87209	0.0074145	-0.40153
-4.2635	0.86536	0.011333	-0.47827
-4.2229	0.86105	0.0026523	-0.46926
-4.1761	0.86587	0.0054855	-0.43648
-4.1245	0.87194	0.012538	-0.50241
-4.0672	0.88202	0.004521	-0.46386
-4.012	0.87589	0.010368	-0.41882
-3.9703	0.88097	-0.00048224	-0.52438
-3.9271	0.90392	-0.0081981	-0.51105
-3.8897	0.91893	-0.0016878	-0.47214
-3.8316	0.91175	0.0056061	-0.46134
-3.7613	0.92113	-0.001929	-0.49556
-3.7062	0.92363	-0.00048224	-0.50529
-3.6621	0.93936	0.0040991	-0.50097
-3.6237	0.93803	0.00018084	-0.49376
-3.5872	0.94287	-0.0080173	-0.50997
-3.5448	0.95742	0.016637	-0.53123
-3.5056	0.96146	0.0040388	-0.5233
-3.4748	0.96126	-0.001507	-0.51105
-3.4315	0.98371	0.0033757	-0.54564
-3.395	0.99293	0.0076556	-0.52438
-3.3645	0.97923	0.0037977	-0.51862
-3.3166	0.99916	0.018265	-0.53267
-3.2689	1.0148	-0.011815	-0.49953
-3.2185	1.0225	0.0059677	-0.50961
-3.1755	1.0241	0.0012056	-0.53123
-3.141	1.032	-0.0087406	-0.50961
-3.1087	1.04	0.0086201	-0.53123
-3.0746	1.0497	0.011996	-0.49412
-3.0467	1.0454	-0.0048827	-0.52114
-2.9978	1.0392	-0.0031346	-0.56293
-2.967	1.0439	0.0062089	-0.5478
-2.928	1.0639	-0.00054252	-0.54924
-2.9037	1.0701	-0.00078364	-0.50169
-2.8799	1.0626	-0.0003014	-0.51898
-2.8623	1.0627	-0.0022304	-0.49808
-2.833	1.088	0.0059677	-0.51862
-2.8015	1.0931	0.029176	-0.50313
-2.7647	1.0868	-0.0077762	-0.50565
-2.7208	1.1036	0.017843	-0.488
-2.6776	1.1136	0.0016276	-0.47503
-2.6403	1.1278	0.016577	-0.488
-2.6163	1.1066	0.010911	-0.50817
-2.5908	1.1215	-0.01718	-0.52871
-2.552	1.126	-0.0017481	-0.45053
-2.5018	1.1416	0.0028332	-0.47971
-2.4546	1.1271	0.0029537	-0.5125
-2.4116	1.1475	-0.00054252	-0.42207
-2.3697	1.1639	0.0062089	-0.49556
-2.3238	1.1741	0.0054855	-0.48944
-2.2843	1.1672	0.016095	-0.47395
-2.241	1.1536	0.027428	-0.47791
-2.2128	1.1981	0.0040991	-0.42026
-2.1642	1.2125	0.010368	-0.43215
-2.1339	1.208	0.013021	-0.44476
-2.0921	1.1934	0.018566	-0.38316
-2.0324	1.2189	0.0013864	-0.40441
-1.9905	1.2315	-0.0046416	-0.35974
-1.8672	1.2665	0.0037977	-0.36442
-1.8056	1.2666	-0.0065103	-0.37019
-1.7619	1.2615	0.011755	-0.35001
-1.7144	1.2604	-0.0031346	-0.34533
-1.7078	1.2379	-0.00096448	-0.32119
