0.357407
0.365499
0.347739
0.347999
0.391449
0.348726
0.405442
0.350073
0.400705
0.406377
0.352005
0.3515
0.381235
0.40957
0.381222
0.348072
0.403776
0.349379
0.388306
0.350073
0.405442
0.350839
0.390801
0.40957
0.405023
0.348595
0.40957
0.350073
0.405442
0.350073
0.346868
0.350073
0.351471
0.383697
0.377899
0.383697
0.346868
0.350073
0.40957
0.348
0.348699
0.377899
0.350073
0.393402
0.346868
0.349379
0.347928
0.40957
0.394449
0.411461
0.390801
0.39496
0.349277
0.377899
0.348072
0.405442
0.394391
0.383697
0.351471
0.350073
0.346868
0.40957
0.381222
0.352005
0.347301
0.350073
0.384782
0.394256
0.350073
0.383955
0.350037
0.352005
0.394336
0.404235
0.387448
0.346177
0.348072
0.40957
0.355
0.377899
0.350179
0.34673
0.347398
0.39976
0.348072
0.347485
0.40957
0.350073
0.411534
0.386785
0.350312
0.349277
0.347383
0.347403
0.383697
0.349481
0.386105
0.381222
0.355
0.350179
0.39489
0.383697
0.350073
0.349994
0.350073
0.39489
0.347925
0.350073
0.39489
0.40957
0.352005
0.40957
0.346737
0.350326
0.405442
0.350073
0.350073
0.39489
0.346868
0.40957
0.40957
0.394985
0.403726
0.381222
0.352005
0.347159
0.347716
0.405122
0.394299
0.362534
0.348072
0.394256
0.346863
0.350073
0.350073
0.404561
0.350073
0.348072
0.39489
0.350073
0.40957
0.39489
0.346868
0.346673
0.348435
0.348072
0.408233
0.35217
0.348072
0.347928
0.347925
0.348072
0.40957
0.3474
0.395656
0.346868
0.347398
0.346868
0.40957
0.401757
0.350073
0.355
0.40957
0.40957
0.34886
0.349379
0.347975
0.40957
0.3474
0.350073
0.350073
0.405442
0.40957
0.386105
0.40957
0.381222
0.348072
0.381222
0.346177
0.40957
0.350073
0.350073
0.34886
0.347301
0.40957
0.407479
0.381222
0.349379
0.40961
0.350073
0.346868
0.349379
0.352005
0.349277
0.394256
0.40957
0.349379
0.346177
0.350399
0.346177
