0.345918
0.348066
0.347718
0.347485
0.345768
0.349644
0.346858
0.35048
0.347817
0.346824
0.351281
0.350699
0.346901
0.346882
0.347505
0.349499
0.346748
0.348816
0.345919
0.35048
0.346858
0.349354
0.347831
0.346882
0.345966
0.348072
0.346882
0.35048
0.346858
0.35048
0.346514
0.35048
0.351076
0.351099
0.347599
0.351099
0.346514
0.35048
0.346882
0.345677
0.3489
0.347599
0.35048
0.345513
0.346514
0.348816
0.347333
0.346882
0.348449
0.347118
0.347831
0.345408
0.349116
0.347599
0.349499
0.346858
0.345469
0.351099
0.351076
0.35048
0.346514
0.346882
0.347505
0.351281
0.346509
0.35048
0.351389
0.350416
0.35048
0.351679
0.349716
0.351281
0.34916
0.346813
0.346318
0.34838
0.349499
0.346882
0.348773
0.347599
0.350503
0.346156
0.346755
0.346916
0.349499
0.346482
0.346882
0.35048
0.380279
0.352315
0.349904
0.349116
0.346881
0.347167
0.351099
0.34958
0.349664
0.347505
0.348773
0.350503
0.348324
0.351099
0.35048
0.350751
0.35048
0.348324
0.346356
0.35048
0.348324
0.346882
0.351281
0.346882
0.346916
0.350214
0.346858
0.35048
0.35048
0.348324
0.346514
0.346882
0.346882
0.349087
0.346569
0.347505
0.351281
0.346175
0.346481
0.347121
0.346977
0.34946
0.349499
0.350416
0.346753
0.35048
0.35048
0.346246
0.35048
0.349499
0.348324
0.35048
0.346882
0.348324
0.346514
0.346677
0.347956
0.349499
0.347478
0.35151
0.349499
0.347333
0.346356
0.349499
0.346882
0.347271
0.347217
0.346514
0.346755
0.346514
0.346882
0.348319
0.35048
0.348773
0.346882
0.346882
0.348449
0.348816
0.34611
0.346882
0.347271
0.35048
0.35048
0.346858
0.346882
0.349664
0.346882
0.347505
0.349499
0.347505
0.34838
0.346882
0.35048
0.35048
0.348449
0.346509
0.346882
0.346753
0.347505
0.348816
0.346412
0.35048
0.346514
0.348816
0.351281
0.349116
0.350416
0.346882
0.348816
0.34838
0.350333
0.34838
