0.765219
0.709954
0.718753
0.726976
0.774454
0.55443
0.780654
0.571071
0.715549
0.76554
0.571927
0.611731
0.73531
0.757144
0.751651
0.520665
0.757748
0.712279
0.783272
0.571071
0.780654
0.654796
0.73292
0.757144
0.743162
0.723829
0.757144
0.571071
0.780654
0.571071
0.744999
0.571071
0.507781
0.583897
0.73944
0.583897
0.744999
0.571071
0.757144
0.788449
0.680213
0.73944
0.571071
0.799171
0.744999
0.712279
0.742276
0.757144
0.728974
0.742585
0.73292
0.803835
0.694892
0.73944
0.520665
0.780654
0.766679
0.583897
0.507781
0.571071
0.744999
0.757144
0.751651
0.571927
0.75913
0.571071
0.604973
0.650873
0.571071
0.597542
0.680582
0.571927
0.707369
0.750507
0.778036
0.674408
0.520665
0.757144
0.686289
0.73944
0.588462
0.775415
0.740015
0.777825
0.520665
0.751578
0.757144
0.571071
0.601278
0.59495
0.672151
0.694892
0.746341
0.718061
0.583897
0.655162
0.607202
0.751651
0.686289
0.588462
0.733512
0.583897
0.571071
0.524131
0.571071
0.733512
0.766587
0.571071
0.733512
0.757144
0.571927
0.757144
0.746145
0.632519
0.780654
0.571071
0.571071
0.733512
0.744999
0.757144
0.757144
0.711916
0.762687
0.751651
0.571927
0.764545
0.76291
0.739343
0.772372
0.69659
0.520665
0.650873
0.755977
0.571071
0.571071
0.729658
0.571071
0.520665
0.733512
0.571071
0.757144
0.733512
0.744999
0.761069
0.702786
0.520665
0.767298
0.527208
0.520665
0.742276
0.766587
0.520665
0.757144
0.725577
0.743592
0.744999
0.740015
0.744999
0.757144
0.739858
0.571071
0.686289
0.757144
0.757144
0.702898
0.712279
0.783556
0.757144
0.725577
0.571071
0.571071
0.780654
0.757144
0.607202
0.757144
0.751651
0.520665
0.751651
0.674408
0.757144
0.571071
0.571071
0.702898
0.75913
0.757144
0.757185
0.751651
0.712279
0.76448
0.571071
0.744999
0.712279
0.571927
0.694892
0.650873
0.757144
0.712279
0.674408
0.639381
0.674408
