0.678728
0.653827
0.592252
0.576135
0.701171
0.406888
0.722986
0.452433
0.636175
0.706797
0.454119
0.475183
0.69761
0.717972
0.690242
0.373693
0.719949
0.56585
0.696829
0.452433
0.722986
0.52538
0.648771
0.717972
0.731687
0.565493
0.717972
0.452433
0.722986
0.452433
0.617785
0.452433
0.352239
0.533062
0.684008
0.533062
0.617785
0.452433
0.717972
0.719462
0.513823
0.684008
0.452433
0.705662
0.617785
0.56585
0.584169
0.717972
0.647475
0.719532
0.648771
0.713684
0.546263
0.684008
0.373693
0.722986
0.723951
0.533062
0.352239
0.452433
0.617785
0.717972
0.690242
0.454119
0.632455
0.452433
0.547045
0.5774
0.452433
0.538548
0.513366
0.454119
0.625939
0.731462
0.725297
0.591577
0.373693
0.717972
0.612902
0.684008
0.476294
0.65258
0.610211
0.700034
0.373693
0.632175
0.717972
0.452433
0.559743
0.535852
0.517712
0.546263
0.61665
0.605307
0.533062
0.500259
0.543004
0.690242
0.612902
0.476294
0.665712
0.533062
0.452433
0.408522
0.452433
0.665712
0.658198
0.452433
0.665712
0.717972
0.454119
0.717972
0.613903
0.513481
0.722986
0.452433
0.452433
0.665712
0.617785
0.717972
0.717972
0.62651
0.725797
0.690242
0.454119
0.65326
0.651989
0.719094
0.720292
0.626857
0.373693
0.5774
0.626093
0.452433
0.452433
0.716001
0.452433
0.373693
0.665712
0.452433
0.717972
0.665712
0.617785
0.6237
0.549953
0.373693
0.685557
0.393836
0.373693
0.584169
0.658198
0.373693
0.717972
0.59902
0.697955
0.617785
0.610211
0.617785
0.717972
0.660522
0.452433
0.612902
0.717972
0.717972
0.531042
0.56585
0.665176
0.717972
0.59902
0.452433
0.452433
0.722986
0.717972
0.543004
0.717972
0.690242
0.373693
0.690242
0.591577
0.717972
0.452433
0.452433
0.531042
0.632455
0.717972
0.714167
0.690242
0.56585
0.720609
0.452433
0.617785
0.56585
0.454119
0.546263
0.5774
0.717972
0.56585
0.591577
0.515686
0.591577
