0.764247
0.708948
0.720593
0.730885
0.772231
0.709254
0.780004
0.667035
0.714765
0.765721
0.686246
0.731247
0.734383
0.755345
0.751439
0.664042
0.755061
0.715023
0.783208
0.667035
0.780004
0.733222
0.733964
0.755345
0.740571
0.728566
0.755345
0.667035
0.780004
0.667035
0.748344
0.667035
0.672516
0.602954
0.738938
0.602954
0.748344
0.667035
0.755345
0.786843
0.68337
0.738938
0.667035
0.797334
0.748344
0.715023
0.745154
0.755345
0.730441
0.740692
0.733964
0.803363
0.698703
0.738938
0.664042
0.780004
0.763286
0.602954
0.672516
0.667035
0.748344
0.755345
0.751439
0.686246
0.761489
0.667035
0.62447
0.665214
0.667035
0.618242
0.68506
0.686246
0.709734
0.747809
0.77517
0.673298
0.664042
0.755345
0.685196
0.738938
0.687036
0.777987
0.742924
0.778465
0.664042
0.754456
0.755345
0.667035
0.632314
0.609506
0.674867
0.698703
0.748633
0.721305
0.602954
0.659057
0.642366
0.751439
0.685196
0.687036
0.733315
0.602954
0.667035
0.632582
0.667035
0.733315
0.768615
0.667035
0.733315
0.755345
0.686246
0.755345
0.748605
0.70329
0.780004
0.667035
0.667035
0.733315
0.748344
0.755345
0.755345
0.728598
0.761548
0.751439
0.686246
0.767145
0.765053
0.73694
0.769655
0.696696
0.664042
0.665214
0.758344
0.667035
0.667035
0.727603
0.667035
0.664042
0.733315
0.667035
0.755345
0.733315
0.748344
0.763514
0.706462
0.664042
0.767587
0.664679
0.664042
0.745154
0.768615
0.664042
0.755345
0.72847
0.742543
0.748344
0.742924
0.748344
0.755345
0.740362
0.667035
0.685196
0.755345
0.755345
0.705355
0.715023
0.786061
0.755345
0.72847
0.667035
0.667035
0.780004
0.755345
0.642366
0.755345
0.751439
0.664042
0.751439
0.673298
0.755345
0.667035
0.667035
0.705355
0.761489
0.755345
0.756036
0.751439
0.715023
0.764142
0.667035
0.748344
0.715023
0.686246
0.698703
0.665214
0.755345
0.715023
0.673298
0.730878
0.673298
