0.764296
0.708932
0.720687
0.730854
0.772272
0.709177
0.779997
0.66713
0.714713
0.765758
0.686343
0.731393
0.734448
0.755369
0.751493
0.663934
0.755155
0.715056
0.78322
0.66713
0.779997
0.733347
0.734075
0.755369
0.740634
0.728626
0.755369
0.66713
0.779997
0.66713
0.748436
0.66713
0.672389
0.602931
0.739035
0.602931
0.748436
0.66713
0.755369
0.786994
0.683745
0.739035
0.66713
0.797449
0.748436
0.715056
0.745245
0.755369
0.730424
0.740727
0.734075
0.803478
0.698916
0.739035
0.663934
0.779997
0.763289
0.602931
0.672389
0.66713
0.748436
0.755369
0.751493
0.686343
0.761726
0.66713
0.624491
0.665229
0.66713
0.61822
0.685127
0.686343
0.709757
0.747829
0.775211
0.673375
0.663934
0.755369
0.685178
0.739035
0.687165
0.778204
0.743043
0.778497
0.663934
0.754541
0.755369
0.66713
0.632321
0.609526
0.675254
0.698916
0.748747
0.721335
0.602931
0.659449
0.642332
0.751493
0.685178
0.687165
0.733375
0.602931
0.66713
0.632805
0.66713
0.733375
0.768713
0.66713
0.733375
0.755369
0.686343
0.755369
0.748835
0.703393
0.779997
0.66713
0.66713
0.733375
0.748436
0.755369
0.755369
0.728614
0.761596
0.751493
0.686343
0.767336
0.765258
0.73701
0.769702
0.696786
0.663934
0.665229
0.758447
0.66713
0.66713
0.727679
0.66713
0.663934
0.733375
0.66713
0.755369
0.733375
0.748436
0.763602
0.706552
0.663934
0.767658
0.664458
0.663934
0.745245
0.768713
0.663934
0.755369
0.728681
0.742564
0.748436
0.743043
0.748436
0.755369
0.740377
0.66713
0.685178
0.755369
0.755369
0.705462
0.715056
0.786121
0.755369
0.728681
0.66713
0.66713
0.779997
0.755369
0.642332
0.755369
0.751493
0.663934
0.751493
0.673375
0.755369
0.66713
0.66713
0.705462
0.761726
0.755369
0.756097
0.751493
0.715056
0.764211
0.66713
0.748436
0.715056
0.686343
0.698916
0.665229
0.755369
0.715056
0.673375
0.731
0.673375
