0.729048
0.705315
0.659503
0.654335
0.751324
0.482135
0.771668
0.514494
0.681009
0.750249
0.512969
0.544616
0.734911
0.757057
0.734015
0.438315
0.756131
0.636999
0.74698
0.514494
0.771668
0.594196
0.69802
0.757057
0.743133
0.646583
0.757057
0.514494
0.771668
0.514494
0.690827
0.514494
0.437264
0.561486
0.734483
0.561486
0.690827
0.514494
0.757057
0.786229
0.603046
0.734483
0.514494
0.75814
0.690827
0.636999
0.660749
0.757057
0.691905
0.741928
0.69802
0.764705
0.624077
0.734483
0.438315
0.771668
0.765502
0.561486
0.437264
0.514494
0.690827
0.757057
0.734015
0.512969
0.70149
0.514494
0.581414
0.61978
0.514494
0.57354
0.60177
0.512969
0.669459
0.750497
0.776319
0.640137
0.438315
0.757057
0.654165
0.734483
0.528245
0.715532
0.681505
0.744001
0.438315
0.701058
0.757057
0.514494
0.589271
0.56834
0.606584
0.624077
0.692669
0.669062
0.561486
0.582472
0.576742
0.734015
0.654165
0.528245
0.715604
0.561486
0.514494
0.46889
0.514494
0.715604
0.71619
0.514494
0.715604
0.757057
0.512969
0.757057
0.687513
0.57206
0.771668
0.514494
0.514494
0.715604
0.690827
0.757057
0.757057
0.673784
0.76242
0.734015
0.512969
0.716179
0.712412
0.739248
0.77066
0.670694
0.438315
0.61978
0.701432
0.514494
0.514494
0.728999
0.514494
0.438315
0.715604
0.514494
0.757057
0.715604
0.690827
0.70126
0.628455
0.438315
0.732823
0.467073
0.438315
0.660749
0.71619
0.438315
0.757057
0.667191
0.741192
0.690827
0.681505
0.690827
0.757057
0.705582
0.514494
0.654165
0.757057
0.757057
0.619542
0.636999
0.733732
0.757057
0.667191
0.514494
0.514494
0.771668
0.757057
0.576742
0.757057
0.734015
0.438315
0.734015
0.640137
0.757057
0.514494
0.514494
0.619542
0.70149
0.757057
0.757005
0.734015
0.636999
0.763422
0.514494
0.690827
0.636999
0.512969
0.624077
0.61978
0.757057
0.636999
0.640137
0.576621
0.640137
