0.766266
0.709758
0.721755
0.73116
0.774126
0.708621
0.780657
0.667281
0.715246
0.766458
0.686629
0.731609
0.735274
0.756362
0.752209
0.663969
0.757076
0.716071
0.78417
0.667281
0.780657
0.73384
0.734469
0.756362
0.741962
0.729248
0.756362
0.667281
0.780657
0.667281
0.74865
0.667281
0.671796
0.603815
0.739788
0.603815
0.74865
0.667281
0.756362
0.788007
0.683493
0.739788
0.667281
0.798998
0.74865
0.716071
0.746507
0.756362
0.730751
0.741754
0.734469
0.804934
0.699078
0.739788
0.663969
0.780657
0.764994
0.603815
0.671796
0.667281
0.74865
0.756362
0.752209
0.686629
0.762053
0.667281
0.625779
0.666217
0.667281
0.619046
0.685412
0.686629
0.710424
0.74923
0.776697
0.673924
0.663969
0.756362
0.685953
0.739788
0.687358
0.778411
0.743261
0.778821
0.663969
0.754531
0.756362
0.667281
0.632875
0.610751
0.675062
0.699078
0.749808
0.721441
0.603815
0.658799
0.643031
0.752209
0.685953
0.687358
0.73412
0.603815
0.667281
0.631958
0.667281
0.73412
0.768826
0.667281
0.73412
0.756362
0.686629
0.756362
0.7489
0.704576
0.780657
0.667281
0.667281
0.73412
0.74865
0.756362
0.756362
0.729192
0.76262
0.752209
0.686629
0.767348
0.765341
0.738084
0.770953
0.697566
0.663969
0.666217
0.759403
0.667281
0.667281
0.72858
0.667281
0.663969
0.73412
0.667281
0.756362
0.73412
0.74865
0.764146
0.706845
0.663969
0.768351
0.663763
0.663969
0.746507
0.768826
0.663969
0.756362
0.728816
0.743514
0.74865
0.743261
0.74865
0.756362
0.741044
0.667281
0.685953
0.756362
0.756362
0.706218
0.716071
0.78629
0.756362
0.728816
0.667281
0.667281
0.780657
0.756362
0.643031
0.756362
0.752209
0.663969
0.752209
0.673924
0.756362
0.667281
0.667281
0.706218
0.762053
0.756362
0.757046
0.752209
0.716071
0.764889
0.667281
0.74865
0.716071
0.686629
0.699078
0.666217
0.756362
0.716071
0.673924
0.731937
0.673924
