0.764796
0.709081
0.72156
0.731265
0.772694
0.709211
0.780131
0.667859
0.714926
0.765996
0.686981
0.731879
0.734658
0.7557
0.751695
0.66397
0.755737
0.715535
0.783793
0.667859
0.780131
0.733938
0.734258
0.7557
0.74096
0.729252
0.7557
0.667859
0.780131
0.667859
0.748674
0.667859
0.6723
0.603017
0.739296
0.603017
0.748674
0.667859
0.7557
0.787492
0.683608
0.739296
0.667859
0.798115
0.748674
0.715535
0.745869
0.7557
0.730577
0.741131
0.734258
0.804108
0.699187
0.739296
0.66397
0.780131
0.763645
0.603017
0.6723
0.667859
0.748674
0.7557
0.751695
0.686981
0.762123
0.667859
0.624595
0.665367
0.667859
0.618198
0.685673
0.686981
0.71005
0.748124
0.775507
0.673493
0.66397
0.7557
0.685298
0.739296
0.687963
0.778476
0.743266
0.778734
0.66397
0.754628
0.7557
0.667859
0.632498
0.609705
0.67509
0.699187
0.749411
0.721566
0.603017
0.659337
0.642583
0.751695
0.685298
0.687963
0.733562
0.603017
0.667859
0.632858
0.667859
0.733562
0.769051
0.667859
0.733562
0.7557
0.686981
0.7557
0.748985
0.704013
0.780131
0.667859
0.667859
0.733562
0.748674
0.7557
0.7557
0.728876
0.761917
0.751695
0.686981
0.767478
0.765469
0.73732
0.769983
0.697164
0.66397
0.665367
0.759184
0.667859
0.667859
0.727902
0.667859
0.66397
0.733562
0.667859
0.7557
0.733562
0.748674
0.764092
0.707206
0.66397
0.767911
0.664184
0.66397
0.745869
0.769051
0.66397
0.7557
0.728944
0.742828
0.748674
0.743266
0.748674
0.7557
0.740571
0.667859
0.685298
0.7557
0.7557
0.706273
0.715535
0.786432
0.7557
0.728944
0.667859
0.667859
0.780131
0.7557
0.642583
0.7557
0.751695
0.66397
0.751695
0.673493
0.7557
0.667859
0.667859
0.706273
0.762123
0.7557
0.756406
0.751695
0.715535
0.764485
0.667859
0.748674
0.715535
0.686981
0.699187
0.665367
0.7557
0.715535
0.673493
0.731624
0.673493
