0.765433
0.709341
0.721819
0.73109
0.773323
0.708645
0.780384
0.667494
0.715017
0.76628
0.686593
0.731955
0.734916
0.756015
0.751953
0.663544
0.756328
0.715992
0.783962
0.667494
0.780384
0.733869
0.734334
0.756015
0.741304
0.729319
0.756015
0.667494
0.780384
0.667494
0.748616
0.667494
0.671834
0.60334
0.739556
0.60334
0.748616
0.667494
0.756015
0.787717
0.6836
0.739556
0.667494
0.798553
0.748616
0.715992
0.746392
0.756015
0.730617
0.741423
0.734334
0.804555
0.699109
0.739556
0.663544
0.780384
0.764184
0.60334
0.671834
0.667494
0.748616
0.756015
0.751953
0.686593
0.762055
0.667494
0.625013
0.665665
0.667494
0.618438
0.685558
0.686593
0.710299
0.748464
0.775908
0.673653
0.663544
0.756015
0.68562
0.739556
0.687638
0.778455
0.743223
0.778966
0.663544
0.754558
0.756015
0.667494
0.632609
0.610214
0.675078
0.699109
0.749904
0.721457
0.60334
0.658985
0.642601
0.751953
0.68562
0.687638
0.733814
0.60334
0.667494
0.632337
0.667494
0.733814
0.768997
0.667494
0.733814
0.756015
0.686593
0.756015
0.748895
0.704798
0.780384
0.667494
0.667494
0.733814
0.748616
0.756015
0.756015
0.72907
0.762232
0.751953
0.686593
0.767473
0.76549
0.737656
0.770335
0.697387
0.663544
0.665665
0.759429
0.667494
0.667494
0.728223
0.667494
0.663544
0.733814
0.667494
0.756015
0.733814
0.748616
0.764213
0.706916
0.663544
0.768131
0.663676
0.663544
0.746392
0.768997
0.663544
0.756015
0.728887
0.74312
0.748616
0.743223
0.748616
0.756015
0.740856
0.667494
0.68562
0.756015
0.756015
0.706261
0.715992
0.786347
0.756015
0.728887
0.667494
0.667494
0.780384
0.756015
0.642601
0.756015
0.751953
0.663544
0.751953
0.673653
0.756015
0.667494
0.667494
0.706261
0.762055
0.756015
0.756675
0.751953
0.715992
0.764695
0.667494
0.748616
0.715992
0.686593
0.699109
0.665665
0.756015
0.715992
0.673653
0.732244
0.673653
