0.764567
0.708984
0.721396
0.731305
0.772444
0.709224
0.780104
0.667804
0.714895
0.765869
0.686892
0.731768
0.734558
0.755575
0.751629
0.663736
0.755495
0.715328
0.783588
0.667804
0.780104
0.733736
0.734232
0.755575
0.74077
0.729131
0.755575
0.667804
0.780104
0.667804
0.748618
0.667804
0.672111
0.602925
0.739182
0.602925
0.748618
0.667804
0.755575
0.787296
0.683645
0.739182
0.667804
0.797901
0.748618
0.715328
0.745585
0.755575
0.730521
0.740962
0.734232
0.803928
0.699237
0.739182
0.663736
0.780104
0.763508
0.602925
0.672111
0.667804
0.748618
0.755575
0.751629
0.686892
0.762109
0.667804
0.624566
0.665277
0.667804
0.618185
0.685547
0.686892
0.709941
0.747988
0.775343
0.673478
0.663736
0.755575
0.6852
0.739182
0.687861
0.778422
0.743237
0.778667
0.663736
0.754603
0.755575
0.667804
0.632429
0.609647
0.675092
0.699237
0.749183
0.721557
0.602925
0.659412
0.642468
0.751629
0.6852
0.687861
0.733508
0.602925
0.667804
0.632862
0.667804
0.733508
0.769033
0.667804
0.733508
0.755575
0.686892
0.755575
0.748986
0.703785
0.780104
0.667804
0.667804
0.733508
0.748618
0.755575
0.755575
0.728814
0.761761
0.751629
0.686892
0.767449
0.76546
0.737215
0.769888
0.696989
0.663736
0.665277
0.759031
0.667804
0.667804
0.727821
0.667804
0.663736
0.733508
0.667804
0.755575
0.733508
0.748618
0.763955
0.707128
0.663736
0.767849
0.664197
0.663736
0.745585
0.769033
0.663736
0.755575
0.728944
0.742665
0.748618
0.743237
0.748618
0.755575
0.74043
0.667804
0.6852
0.755575
0.755575
0.705982
0.715328
0.786461
0.755575
0.728944
0.667804
0.667804
0.780104
0.755575
0.642468
0.755575
0.751629
0.663736
0.751629
0.673478
0.755575
0.667804
0.667804
0.705982
0.762109
0.755575
0.756295
0.751629
0.715328
0.764374
0.667804
0.748618
0.715328
0.686892
0.699237
0.665277
0.755575
0.715328
0.673478
0.731375
0.673478
