0.0484148
0.254672
0.0303774
0.0419425
0.0311702
0.226497
0.0689492
0.112551
0.348303
0.288992
0.0372503
0.146301
0.29329
0.252943
0.0356783
0.236427
0.0295118
0.191182
0.345258
0.33286
0.083796
0.116258
0.0364384
0.0311702
0.0350589
0.040449
0.101733
0.0421165
0.29329
0.0504116
0.0441283
0.122816
0.0416152
0.0232343
0.230432
0.0534125
0.0960939
0.363748
0.035388
0.0386107
0.224822
0.111787
0.313361
0.0417849
0.116258
0.116258
0.187362
0.170314
0.0669683
0.0340522
0.220924
0.295804
0.104139
0.152926
0.360089
0.0960939
0.225041
0.257063
0.0303647
0.0395767
