0.655344
0.548915
0.677601
0.681221
0.694903
0.547755
0.6395
0.59865
0.512751
0.534964
0.678236
0.584622
0.517392
0.541337
0.688398
0.542686
0.6877
0.546817
0.520336
0.519457
0.608908
0.600763
0.681091
0.694903
0.689605
0.657746
0.607787
0.680198
0.517392
0.65265
0.676487
0.595606
0.674628
0.696202
0.543085
0.66182
0.611629
0.508195
0.681392
0.674289
0.552569
0.59267
0.513494
0.670329
0.600763
0.600763
0.567137
0.567025
0.641283
0.670403
0.540799
0.520875
0.60965
0.578561
0.508387
0.611629
0.539792
0.527809
0.694538
0.684537
